-5.65625 5.625 0.0283203 0.046875
-5.62793 5.625 0.0283203 0.046875
-5.59961 5.67188 0.0283203 0.046875
-5.57129 5.67188 0.0283203 0.046875
-5.59961 5.71875 0.0283203 0.046875
-5.57129 5.71875 0.0283203 0.046875
-5.54297 5.76563 0.0283203 0.046875
-5.51465 5.76563 0.0283203 0.046875
-5.54297 5.8125 0.0283203 0.046875
-5.51465 5.8125 0.0283203 0.046875
-5.48633 5.8125 0.0283203 0.046875
-5.45801 5.8125 0.0283203 0.046875
-5.48633 5.85938 0.0283203 0.046875
-5.45801 5.85938 0.0283203 0.046875
-5.48633 5.90625 0.0283203 0.046875
-5.45801 5.90625 0.0283203 0.046875
-5.42969 5.85938 0.0283203 0.046875
-5.40137 5.85938 0.0283203 0.046875
-5.42969 5.90625 0.0283203 0.046875
-5.40137 5.90625 0.0283203 0.046875
-5.42969 5.95313 0.0283203 0.046875
-5.40137 5.95313 0.0283203 0.046875
-5.37305 5.90625 0.0283203 0.046875
-5.34473 5.90625 0.0283203 0.046875
-5.37305 5.95313 0.0283203 0.046875
-5.34473 5.95313 0.0283203 0.046875
-5.31641 5.95313 0.0283203 0.046875
-5.28809 5.95313 0.0283203 0.046875
-5.42969 6 0.0283203 0.046875
-5.40137 6 0.0283203 0.046875
-5.37305 6 0.0283203 0.046875
-5.34473 6 0.0283203 0.046875
-5.37305 6.04688 0.0283203 0.046875
-5.34473 6.04688 0.0283203 0.046875
-5.37305 6.09375 0.0283203 0.046875
-5.34473 6.09375 0.0283203 0.046875
-5.31641 6 0.0283203 0.046875
-5.28809 6 0.0283203 0.046875
-5.25977 6 0.0283203 0.046875
-5.23145 6 0.0283203 0.046875
-5.25977 6.04688 0.0283203 0.046875
-5.23145 6.04688 0.0283203 0.046875
-5.31641 6.09375 0.0283203 0.046875
-5.28809 6.09375 0.0283203 0.046875
-5.31641 6.14063 0.0283203 0.046875
-5.28809 6.14063 0.0283203 0.046875
-5.31641 6.1875 0.0283203 0.046875
-5.28809 6.1875 0.0283203 0.046875
-5.25977 6.1875 0.0283203 0.046875
-5.23145 6.1875 0.0283203 0.046875
-5.25977 6.23438 0.0283203 0.046875
-5.23145 6.23438 0.0283203 0.046875
-5.25977 6.28125 0.0283203 0.046875
-5.23145 6.28125 0.0283203 0.046875
-5.20313 6.04688 0.0283203 0.046875
-5.1748 6.04688 0.0283203 0.046875
-5.20313 6.09375 0.0283203 0.046875
-5.1748 6.09375 0.0283203 0.046875
-5.14648 6.09375 0.0283203 0.046875
-5.11816 6.09375 0.0283203 0.046875
-5.14648 6.14063 0.0283203 0.046875
-5.11816 6.14063 0.0283203 0.046875
-5.08984 6.14063 0.0283203 0.046875
-5.06152 6.14063 0.0283203 0.046875
-5.20313 6.28125 0.0283203 0.046875
-5.1748 6.28125 0.0283203 0.046875
-5.20313 6.32813 0.0283203 0.046875
-5.1748 6.32813 0.0283203 0.046875
-5.08984 6.1875 0.0283203 0.046875
-5.06152 6.1875 0.0283203 0.046875
-5.0332 6.1875 0.0283203 0.046875
-5.00488 6.1875 0.0283203 0.046875
-5.0332 6.23438 0.0283203 0.046875
-5.00488 6.23438 0.0283203 0.046875
-4.97656 6.23438 0.0283203 0.046875
-4.94824 6.23438 0.0283203 0.046875
-4.97656 6.28125 0.0283203 0.046875
-4.94824 6.28125 0.0283203 0.046875
-4.91992 6.28125 0.0283203 0.046875
-4.8916 6.28125 0.0283203 0.046875
-4.91992 6.32813 0.0283203 0.046875
-4.8916 6.32813 0.0283203 0.046875
-4.86328 6.32813 0.0283203 0.046875
-4.83496 6.32813 0.0283203 0.046875
-5.20313 6.375 0.0283203 0.046875
-5.1748 6.375 0.0283203 0.046875
-5.14648 6.375 0.0283203 0.046875
-5.11816 6.375 0.0283203 0.046875
-5.14648 6.42188 0.0283203 0.046875
-5.11816 6.42188 0.0283203 0.046875
-5.14648 6.46875 0.0283203 0.046875
-5.11816 6.46875 0.0283203 0.046875
-5.08984 6.46875 0.0283203 0.046875
-5.06152 6.46875 0.0283203 0.046875
-5.08984 6.51563 0.0283203 0.046875
-5.06152 6.51563 0.0283203 0.046875
-5.08984 6.5625 0.0283203 0.046875
-5.06152 6.5625 0.0283203 0.046875
-5.0332 6.5625 0.0283203 0.046875
-5.00488 6.5625 0.0283203 0.046875
-5.0332 6.60938 0.0283203 0.046875
-5.00488 6.60938 0.0283203 0.046875
-5.0332 6.65625 0.0283203 0.046875
-5.00488 6.65625 0.0283203 0.046875
-4.86328 6.375 0.0283203 0.046875
-4.83496 6.375 0.0283203 0.046875
-4.80664 6.375 0.0283203 0.046875
-4.77832 6.375 0.0283203 0.046875
-4.80664 6.42188 0.0283203 0.046875
-4.77832 6.42188 0.0283203 0.046875
-4.97656 6.65625 0.0283203 0.046875
-4.94824 6.65625 0.0283203 0.046875
-4.97656 6.70313 0.0283203 0.046875
-4.94824 6.70313 0.0283203 0.046875
-4.97656 6.75 0.0283203 0.046875
-4.94824 6.75 0.0283203 0.046875
-4.91992 6.75 0.0283203 0.046875
-4.8916 6.75 0.0283203 0.046875
-4.91992 6.79688 0.0283203 0.046875
-4.8916 6.79688 0.0283203 0.046875
-4.86328 6.79688 0.0283203 0.046875
-4.83496 6.79688 0.0283203 0.046875
-4.86328 6.84375 0.0283203 0.046875
-4.83496 6.84375 0.0283203 0.046875
-4.86328 6.89063 0.0283203 0.046875
-4.83496 6.89063 0.0283203 0.046875
-4.80664 6.89063 0.0283203 0.046875
-4.77832 6.89063 0.0283203 0.046875
-4.80664 6.9375 0.0283203 0.046875
-4.77832 6.9375 0.0283203 0.046875
-4.80664 6.98438 0.0283203 0.046875
-4.77832 6.98438 0.0283203 0.046875
-4.75 6.42188 0.0283203 0.046875
-4.72168 6.42188 0.0283203 0.046875
-4.75 6.46875 0.0283203 0.046875
-4.72168 6.46875 0.0283203 0.046875
-4.69336 6.46875 0.0283203 0.046875
-4.66504 6.46875 0.0283203 0.046875
-4.69336 6.51563 0.0283203 0.046875
-4.66504 6.51563 0.0283203 0.046875
-4.63672 6.51563 0.0283203 0.046875
-4.6084 6.51563 0.0283203 0.046875
-4.58008 6.51563 0.0283203 0.046875
-4.55176 6.51563 0.0283203 0.046875
-4.58008 6.5625 0.0283203 0.046875
-4.55176 6.5625 0.0283203 0.046875
-4.52344 6.5625 0.0283203 0.046875
-4.49512 6.5625 0.0283203 0.046875
-4.52344 6.60938 0.0283203 0.046875
-4.49512 6.60938 0.0283203 0.046875
-4.4668 6.60938 0.0283203 0.046875
-4.43848 6.60938 0.0283203 0.046875
-4.4668 6.65625 0.0283203 0.046875
-4.43848 6.65625 0.0283203 0.046875
-4.41016 6.65625 0.0283203 0.046875
-4.38184 6.65625 0.0283203 0.046875
-4.41016 6.70313 0.0283203 0.046875
-4.38184 6.70313 0.0283203 0.046875
-4.35352 6.70313 0.0283203 0.046875
-4.3252 6.70313 0.0283203 0.046875
-4.29688 6.70313 0.0283203 0.046875
-4.26855 6.70313 0.0283203 0.046875
-4.75 6.98438 0.0283203 0.046875
-4.72168 6.98438 0.0283203 0.046875
-4.75 7.03125 0.0283203 0.046875
-4.72168 7.03125 0.0283203 0.046875
-4.69336 7.03125 0.0283203 0.046875
-4.66504 7.03125 0.0283203 0.046875
-4.69336 7.07813 0.0283203 0.046875
-4.66504 7.07813 0.0283203 0.046875
-4.69336 7.125 0.0283203 0.046875
-4.66504 7.125 0.0283203 0.046875
-4.63672 7.125 0.0283203 0.046875
-4.6084 7.125 0.0283203 0.046875
-4.63672 7.17188 0.0283203 0.046875
-4.6084 7.17188 0.0283203 0.046875
-4.63672 7.21875 0.0283203 0.046875
-4.6084 7.21875 0.0283203 0.046875
-4.58008 7.21875 0.0283203 0.046875
-4.55176 7.21875 0.0283203 0.046875
-4.58008 7.26563 0.0283203 0.046875
-4.55176 7.26563 0.0283203 0.046875
-4.52344 7.26563 0.0283203 0.046875
-4.49512 7.26563 0.0283203 0.046875
-4.52344 7.3125 0.0283203 0.046875
-4.49512 7.3125 0.0283203 0.046875
-4.52344 7.35938 0.0283203 0.046875
-4.49512 7.35938 0.0283203 0.046875
-4.4668 7.35938 0.0283203 0.046875
-4.43848 7.35938 0.0283203 0.046875
-4.4668 7.40625 0.0283203 0.046875
-4.43848 7.40625 0.0283203 0.046875
-4.41016 7.40625 0.0283203 0.046875
-4.38184 7.40625 0.0283203 0.046875
-4.41016 7.45313 0.0283203 0.046875
-4.38184 7.45313 0.0283203 0.046875
-4.29688 6.75 0.0283203 0.046875
-4.26855 6.75 0.0283203 0.046875
-4.24023 6.75 0.0283203 0.046875
-4.21191 6.75 0.0283203 0.046875
-4.24023 6.79688 0.0283203 0.046875
-4.21191 6.79688 0.0283203 0.046875
-4.18359 6.79688 0.0283203 0.046875
-4.15527 6.79688 0.0283203 0.046875
-4.18359 6.84375 0.0283203 0.046875
-4.15527 6.84375 0.0283203 0.046875
-4.12695 6.84375 0.0283203 0.046875
-4.09863 6.84375 0.0283203 0.046875
-4.07031 6.84375 0.0283203 0.046875
-4.04199 6.84375 0.0283203 0.046875
-4.07031 6.89063 0.0283203 0.046875
-4.04199 6.89063 0.0283203 0.046875
-4.01367 6.89063 0.0283203 0.046875
-3.98535 6.89063 0.0283203 0.046875
-4.01367 6.9375 0.0283203 0.046875
-3.98535 6.9375 0.0283203 0.046875
-3.95703 6.9375 0.0283203 0.046875
-3.92871 6.9375 0.0283203 0.046875
-3.95703 6.98438 0.0283203 0.046875
-3.92871 6.98438 0.0283203 0.046875
-3.90039 6.98438 0.0283203 0.046875
-3.87207 6.98438 0.0283203 0.046875
-3.84375 6.98438 0.0283203 0.046875
-3.81543 6.98438 0.0283203 0.046875
-3.84375 7.03125 0.0283203 0.046875
-3.81543 7.03125 0.0283203 0.046875
-3.78711 7.03125 0.0283203 0.046875
-3.75879 7.03125 0.0283203 0.046875
-3.73047 7.03125 0.0283203 0.046875
-3.70215 7.03125 0.0283203 0.046875
-3.73047 7.07813 0.0283203 0.046875
-3.70215 7.07813 0.0283203 0.046875
-3.67383 7.07813 0.0283203 0.046875
-3.64551 7.07813 0.0283203 0.046875
-3.67383 7.125 0.0283203 0.046875
-3.64551 7.125 0.0283203 0.046875
-3.61719 7.125 0.0283203 0.046875
-3.58887 7.125 0.0283203 0.046875
-3.56055 7.125 0.0283203 0.046875
-3.53223 7.125 0.0283203 0.046875
-3.56055 7.17188 0.0283203 0.046875
-3.53223 7.17188 0.0283203 0.046875
-3.50391 7.17188 0.0283203 0.046875
-3.47559 7.17188 0.0283203 0.046875
-3.50391 7.21875 0.0283203 0.046875
-3.47559 7.21875 0.0283203 0.046875
-3.44727 7.21875 0.0283203 0.046875
-3.41895 7.21875 0.0283203 0.046875
-3.39063 7.21875 0.0283203 0.046875
-3.3623 7.21875 0.0283203 0.046875
-3.39063 7.26563 0.0283203 0.046875
-3.3623 7.26563 0.0283203 0.046875
-3.33398 7.26563 0.0283203 0.046875
-3.30566 7.26563 0.0283203 0.046875
-3.27734 7.26563 0.0283203 0.046875
-3.24902 7.26563 0.0283203 0.046875
-3.27734 7.3125 0.0283203 0.046875
-3.24902 7.3125 0.0283203 0.046875
-3.2207 7.3125 0.0283203 0.046875
-3.19238 7.3125 0.0283203 0.046875
-3.16406 7.3125 0.0283203 0.046875
-3.13574 7.3125 0.0283203 0.046875
-3.16406 7.35938 0.0283203 0.046875
-3.13574 7.35938 0.0283203 0.046875
-3.10742 7.35938 0.0283203 0.046875
-3.0791 7.35938 0.0283203 0.046875
-3.05078 7.35938 0.0283203 0.046875
-3.02246 7.35938 0.0283203 0.046875
-3.05078 7.40625 0.0283203 0.046875
-3.02246 7.40625 0.0283203 0.046875
-2.99414 7.40625 0.0283203 0.046875
-2.96582 7.40625 0.0283203 0.046875
-4.41016 7.5 0.0283203 0.046875
-4.38184 7.5 0.0283203 0.046875
-4.35352 7.5 0.0283203 0.046875
-4.3252 7.5 0.0283203 0.046875
-4.35352 7.54688 0.0283203 0.046875
-4.3252 7.54688 0.0283203 0.046875
-4.29688 7.54688 0.0283203 0.046875
-4.26855 7.54688 0.0283203 0.046875
-4.29688 7.59375 0.0283203 0.046875
-4.26855 7.59375 0.0283203 0.046875
-4.29688 7.64063 0.0283203 0.046875
-4.26855 7.64063 0.0283203 0.046875
-4.24023 7.64063 0.0283203 0.046875
-4.21191 7.64063 0.0283203 0.046875
-4.24023 7.6875 0.0283203 0.046875
-4.21191 7.6875 0.0283203 0.046875
-4.18359 7.6875 0.0283203 0.046875
-4.15527 7.6875 0.0283203 0.046875
-4.18359 7.73438 0.0283203 0.046875
-4.15527 7.73438 0.0283203 0.046875
-4.18359 7.78125 0.0283203 0.046875
-4.15527 7.78125 0.0283203 0.046875
-4.12695 7.78125 0.0283203 0.046875
-4.09863 7.78125 0.0283203 0.046875
-4.12695 7.82813 0.0283203 0.046875
-4.09863 7.82813 0.0283203 0.046875
-4.07031 7.82813 0.0283203 0.046875
-4.04199 7.82813 0.0283203 0.046875
-4.07031 7.875 0.0283203 0.046875
-4.04199 7.875 0.0283203 0.046875
-4.01367 7.875 0.0283203 0.046875
-3.98535 7.875 0.0283203 0.046875
-4.01367 7.92188 0.0283203 0.046875
-3.98535 7.92188 0.0283203 0.046875
-4.01367 7.96875 0.0283203 0.046875
-3.98535 7.96875 0.0283203 0.046875
-3.95703 7.96875 0.0283203 0.046875
-3.92871 7.96875 0.0283203 0.046875
-3.95703 8.01563 0.0283203 0.046875
-3.92871 8.01563 0.0283203 0.046875
-3.90039 8.01563 0.0283203 0.046875
-3.87207 8.01563 0.0283203 0.046875
-3.90039 8.0625 0.0283203 0.046875
-3.87207 8.0625 0.0283203 0.046875
-3.90039 8.10938 0.0283203 0.046875
-3.87207 8.10938 0.0283203 0.046875
-3.84375 8.10938 0.0283203 0.046875
-3.81543 8.10938 0.0283203 0.046875
-3.84375 8.15625 0.0283203 0.046875
-3.81543 8.15625 0.0283203 0.046875
-3.78711 8.15625 0.0283203 0.046875
-3.75879 8.15625 0.0283203 0.046875
-3.78711 8.20313 0.0283203 0.046875
-3.75879 8.20313 0.0283203 0.046875
-3.73047 8.20313 0.0283203 0.046875
-3.70215 8.20313 0.0283203 0.046875
-3.73047 8.25 0.0283203 0.046875
-3.70215 8.25 0.0283203 0.046875
-3.67383 8.25 0.0283203 0.046875
-3.64551 8.25 0.0283203 0.046875
-3.67383 8.29688 0.0283203 0.046875
-3.64551 8.29688 0.0283203 0.046875
-3.67383 8.34375 0.0283203 0.046875
-3.64551 8.34375 0.0283203 0.046875
-3.61719 8.34375 0.0283203 0.046875
-3.58887 8.34375 0.0283203 0.046875
-3.61719 8.39063 0.0283203 0.046875
-3.58887 8.39063 0.0283203 0.046875
-3.56055 8.39063 0.0283203 0.046875
-3.53223 8.39063 0.0283203 0.046875
-3.56055 8.4375 0.0283203 0.046875
-3.53223 8.4375 0.0283203 0.046875
-3.50391 8.4375 0.0283203 0.046875
-3.47559 8.4375 0.0283203 0.046875
-3.50391 8.48438 0.0283203 0.046875
-3.47559 8.48438 0.0283203 0.046875
-3.44727 8.48438 0.0283203 0.046875
-3.41895 8.48438 0.0283203 0.046875
-3.44727 8.53125 0.0283203 0.046875
-3.41895 8.53125 0.0283203 0.046875
-3.44727 8.57813 0.0283203 0.046875
-3.41895 8.57813 0.0283203 0.046875
-3.39063 8.57813 0.0283203 0.046875
-3.3623 8.57813 0.0283203 0.046875
-3.39063 8.625 0.0283203 0.046875
-3.3623 8.625 0.0283203 0.046875
-3.33398 8.625 0.0283203 0.046875
-3.30566 8.625 0.0283203 0.046875
-3.33398 8.67188 0.0283203 0.046875
-3.30566 8.67188 0.0283203 0.046875
-3.27734 8.67188 0.0283203 0.046875
-3.24902 8.67188 0.0283203 0.046875
-3.27734 8.71875 0.0283203 0.046875
-3.24902 8.71875 0.0283203 0.046875
-3.2207 8.71875 0.0283203 0.046875
-3.19238 8.71875 0.0283203 0.046875
-3.2207 8.76563 0.0283203 0.046875
-3.19238 8.76563 0.0283203 0.046875
-3.16406 8.76563 0.0283203 0.046875
-3.13574 8.76563 0.0283203 0.046875
-3.16406 8.8125 0.0283203 0.046875
-3.13574 8.8125 0.0283203 0.046875
-3.10742 8.8125 0.0283203 0.046875
-3.0791 8.8125 0.0283203 0.046875
-3.10742 8.85938 0.0283203 0.046875
-3.0791 8.85938 0.0283203 0.046875
-3.05078 8.85938 0.0283203 0.046875
-3.02246 8.85938 0.0283203 0.046875
-3.05078 8.90625 0.0283203 0.046875
-3.02246 8.90625 0.0283203 0.046875
-2.99414 8.90625 0.0283203 0.046875
-2.96582 8.90625 0.0283203 0.046875
-2.99414 8.95313 0.0283203 0.046875
-2.96582 8.95313 0.0283203 0.046875
-2.9375 7.40625 0.0283203 0.046875
-2.90918 7.40625 0.0283203 0.046875
-2.9375 7.45313 0.0283203 0.046875
-2.90918 7.45313 0.0283203 0.046875
-2.88086 7.45313 0.0283203 0.046875
-2.85254 7.45313 0.0283203 0.046875
-2.82422 7.45313 0.0283203 0.046875
-2.7959 7.45313 0.0283203 0.046875
-2.82422 7.5 0.0283203 0.046875
-2.7959 7.5 0.0283203 0.046875
-2.76758 7.5 0.0283203 0.046875
-2.73926 7.5 0.0283203 0.046875
-2.71094 7.5 0.0283203 0.046875
-2.68262 7.5 0.0283203 0.046875
-2.6543 7.5 0.0283203 0.046875
-2.62598 7.5 0.0283203 0.046875
-2.6543 7.54688 0.0283203 0.046875
-2.62598 7.54688 0.0283203 0.046875
-2.59766 7.54688 0.0283203 0.046875
-2.56934 7.54688 0.0283203 0.046875
-2.54102 7.54688 0.0283203 0.046875
-2.5127 7.54688 0.0283203 0.046875
-2.54102 7.59375 0.0283203 0.046875
-2.5127 7.59375 0.0283203 0.046875
-2.48438 7.59375 0.0283203 0.046875
-2.45605 7.59375 0.0283203 0.046875
-2.42773 7.59375 0.0283203 0.046875
-2.39941 7.59375 0.0283203 0.046875
-2.37109 7.59375 0.0283203 0.046875
-2.34277 7.59375 0.0283203 0.046875
-2.37109 7.64063 0.0283203 0.046875
-2.34277 7.64063 0.0283203 0.046875
-2.31445 7.64063 0.0283203 0.046875
-2.28613 7.64063 0.0283203 0.046875
-2.25781 7.64063 0.0283203 0.046875
-2.22949 7.64063 0.0283203 0.046875
-2.25781 7.6875 0.0283203 0.046875
-2.22949 7.6875 0.0283203 0.046875
-2.20117 7.6875 0.0283203 0.046875
-2.17285 7.6875 0.0283203 0.046875
-2.14453 7.6875 0.0283203 0.046875
-2.11621 7.6875 0.0283203 0.046875
-2.08789 7.6875 0.0283203 0.046875
-2.05957 7.6875 0.0283203 0.046875
-2.08789 7.73438 0.0283203 0.046875
-2.05957 7.73438 0.0283203 0.046875
-2.9375 8.95313 0.0283203 0.046875
-2.90918 8.95313 0.0283203 0.046875
-2.03125 7.73438 0.0283203 0.046875
-2.00293 7.73438 0.0283203 0.046875
-1.97461 7.73438 0.0283203 0.046875
-1.94629 7.73438 0.0283203 0.046875
-1.91797 7.73438 0.0283203 0.046875
-1.88965 7.73438 0.0283203 0.046875
-1.86133 7.73438 0.0283203 0.046875
-1.83301 7.73438 0.0283203 0.046875
-1.86133 7.78125 0.0283203 0.046875
-1.83301 7.78125 0.0283203 0.046875
-1.80469 7.78125 0.0283203 0.046875
-1.77637 7.78125 0.0283203 0.046875
-1.74805 7.78125 0.0283203 0.046875
-1.71973 7.78125 0.0283203 0.046875
-1.69141 7.78125 0.0283203 0.046875
-1.66309 7.78125 0.0283203 0.046875
-1.69141 7.82813 0.0283203 0.046875
-1.66309 7.82813 0.0283203 0.046875
-1.63477 7.82813 0.0283203 0.046875
-1.60645 7.82813 0.0283203 0.046875
-1.57813 7.82813 0.0283203 0.046875
-1.5498 7.82813 0.0283203 0.046875
-1.52148 7.82813 0.0283203 0.046875
-1.49316 7.82813 0.0283203 0.046875
-1.46484 7.82813 0.0283203 0.046875
-1.43652 7.82813 0.0283203 0.046875
-1.46484 7.875 0.0283203 0.046875
-1.43652 7.875 0.0283203 0.046875
-1.4082 7.875 0.0283203 0.046875
-1.37988 7.875 0.0283203 0.046875
-1.35156 7.875 0.0283203 0.046875
-1.32324 7.875 0.0283203 0.046875
-1.29492 7.875 0.0283203 0.046875
-1.2666 7.875 0.0283203 0.046875
-1.23828 7.875 0.0283203 0.046875
-1.20996 7.875 0.0283203 0.046875
-1.18164 7.875 0.0283203 0.046875
-1.15332 7.875 0.0283203 0.046875
-2.9375 9 0.0283203 0.046875
-2.90918 9 0.0283203 0.046875
-2.9375 9.04688 0.0283203 0.046875
-2.90918 9.04688 0.0283203 0.046875
-2.88086 9.04688 0.0283203 0.046875
-2.85254 9.04688 0.0283203 0.046875
-2.88086 9.09375 0.0283203 0.046875
-2.85254 9.09375 0.0283203 0.046875
-2.82422 9.09375 0.0283203 0.046875
-2.7959 9.09375 0.0283203 0.046875
-2.82422 9.14063 0.0283203 0.046875
-2.7959 9.14063 0.0283203 0.046875
-2.76758 9.14063 0.0283203 0.046875
-2.73926 9.14063 0.0283203 0.046875
-2.76758 9.1875 0.0283203 0.046875
-2.73926 9.1875 0.0283203 0.046875
-2.71094 9.1875 0.0283203 0.046875
-2.68262 9.1875 0.0283203 0.046875
-2.71094 9.23438 0.0283203 0.046875
-2.68262 9.23438 0.0283203 0.046875
-2.6543 9.23438 0.0283203 0.046875
-2.62598 9.23438 0.0283203 0.046875
-2.6543 9.28125 0.0283203 0.046875
-2.62598 9.28125 0.0283203 0.046875
-2.59766 9.28125 0.0283203 0.046875
-2.56934 9.28125 0.0283203 0.046875
-2.59766 9.32813 0.0283203 0.046875
-2.56934 9.32813 0.0283203 0.046875
-2.54102 9.32813 0.0283203 0.046875
-2.5127 9.32813 0.0283203 0.046875
-2.54102 9.375 0.0283203 0.046875
-2.5127 9.375 0.0283203 0.046875
-2.48438 9.375 0.0283203 0.046875
-2.45605 9.375 0.0283203 0.046875
-2.48438 9.42188 0.0283203 0.046875
-2.45605 9.42188 0.0283203 0.046875
-2.42773 9.42188 0.0283203 0.046875
-2.39941 9.42188 0.0283203 0.046875
-2.42773 9.46875 0.0283203 0.046875
-2.39941 9.46875 0.0283203 0.046875
-2.37109 9.46875 0.0283203 0.046875
-2.34277 9.46875 0.0283203 0.046875
-2.31445 9.46875 0.0283203 0.046875
-2.28613 9.46875 0.0283203 0.046875
-2.31445 9.51563 0.0283203 0.046875
-2.28613 9.51563 0.0283203 0.046875
-2.25781 9.51563 0.0283203 0.046875
-2.22949 9.51563 0.0283203 0.046875
-2.25781 9.5625 0.0283203 0.046875
-2.22949 9.5625 0.0283203 0.046875
-2.20117 9.5625 0.0283203 0.046875
-2.17285 9.5625 0.0283203 0.046875
-2.20117 9.60938 0.0283203 0.046875
-2.17285 9.60938 0.0283203 0.046875
-2.14453 9.60938 0.0283203 0.046875
-2.11621 9.60938 0.0283203 0.046875
-2.14453 9.65625 0.0283203 0.046875
-2.11621 9.65625 0.0283203 0.046875
-2.08789 9.65625 0.0283203 0.046875
-2.05957 9.65625 0.0283203 0.046875
-2.08789 9.70313 0.0283203 0.046875
-2.05957 9.70313 0.0283203 0.046875
-2.03125 9.70313 0.0283203 0.046875
-2.00293 9.70313 0.0283203 0.046875
-2.03125 9.75 0.0283203 0.046875
-2.00293 9.75 0.0283203 0.046875
-1.97461 9.75 0.0283203 0.046875
-1.94629 9.75 0.0283203 0.046875
-1.97461 9.79688 0.0283203 0.046875
-1.94629 9.79688 0.0283203 0.046875
-1.91797 9.79688 0.0283203 0.046875
-1.88965 9.79688 0.0283203 0.046875
-1.91797 9.84375 0.0283203 0.046875
-1.88965 9.84375 0.0283203 0.046875
-1.86133 9.84375 0.0283203 0.046875
-1.83301 9.84375 0.0283203 0.046875
-1.80469 9.84375 0.0283203 0.046875
-1.77637 9.84375 0.0283203 0.046875
-1.80469 9.89063 0.0283203 0.046875
-1.77637 9.89063 0.0283203 0.046875
-1.74805 9.89063 0.0283203 0.046875
-1.71973 9.89063 0.0283203 0.046875
-1.74805 9.9375 0.0283203 0.046875
-1.71973 9.9375 0.0283203 0.046875
-1.69141 9.9375 0.0283203 0.046875
-1.66309 9.9375 0.0283203 0.046875
-1.69141 9.98438 0.0283203 0.046875
-1.66309 9.98438 0.0283203 0.046875
-1.63477 9.98438 0.0283203 0.046875
-1.60645 9.98438 0.0283203 0.046875
-1.63477 10.0313 0.0283203 0.046875
-1.60645 10.0313 0.0283203 0.046875
-1.57813 10.0313 0.0283203 0.046875
-1.5498 10.0313 0.0283203 0.046875
-1.52148 10.0313 0.0283203 0.046875
-1.49316 10.0313 0.0283203 0.046875
-1.52148 10.0781 0.0283203 0.046875
-1.49316 10.0781 0.0283203 0.046875
-1.46484 10.0781 0.0283203 0.046875
-1.43652 10.0781 0.0283203 0.046875
-1.46484 10.125 0.0283203 0.046875
-1.43652 10.125 0.0283203 0.046875
-1.4082 10.125 0.0283203 0.046875
-1.37988 10.125 0.0283203 0.046875
-1.4082 10.1719 0.0283203 0.046875
-1.37988 10.1719 0.0283203 0.046875
-1.35156 10.1719 0.0283203 0.046875
-1.32324 10.1719 0.0283203 0.046875
-1.29492 10.1719 0.0283203 0.046875
-1.2666 10.1719 0.0283203 0.046875
-1.29492 10.2188 0.0283203 0.046875
-1.2666 10.2188 0.0283203 0.046875
-1.23828 10.2188 0.0283203 0.046875
-1.20996 10.2188 0.0283203 0.046875
-1.23828 10.2656 0.0283203 0.046875
-1.20996 10.2656 0.0283203 0.046875
-1.18164 10.2656 0.0283203 0.046875
-1.15332 10.2656 0.0283203 0.046875
-1.18164 10.3125 0.0283203 0.046875
-1.15332 10.3125 0.0283203 0.046875
-1.125 7.875 0.0283203 0.046875
-1.09668 7.875 0.0283203 0.046875
-1.125 7.92188 0.0283203 0.046875
-1.09668 7.92188 0.0283203 0.046875
-1.06836 7.92188 0.0283203 0.046875
-1.04004 7.92188 0.0283203 0.046875
-1.01172 7.92188 0.0283203 0.046875
-0.983398 7.92188 0.0283203 0.046875
-0.955078 7.92188 0.0283203 0.046875
-0.926758 7.92188 0.0283203 0.046875
-0.898438 7.92188 0.0283203 0.046875
-0.870117 7.92188 0.0283203 0.046875
-0.841797 7.92188 0.0283203 0.046875
-0.813477 7.92188 0.0283203 0.046875
-0.785156 7.92188 0.0283203 0.046875
-0.756836 7.92188 0.0283203 0.046875
-0.728516 7.92188 0.0283203 0.046875
-0.700195 7.92188 0.0283203 0.046875
-0.728516 7.96875 0.0283203 0.046875
-0.700195 7.96875 0.0283203 0.046875
-0.671875 7.96875 0.0283203 0.046875
-0.643555 7.96875 0.0283203 0.046875
-0.615234 7.96875 0.0283203 0.046875
-0.586914 7.96875 0.0283203 0.046875
-0.558594 7.96875 0.0283203 0.046875
-0.530273 7.96875 0.0283203 0.046875
-0.501953 7.96875 0.0283203 0.046875
-0.473633 7.96875 0.0283203 0.046875
-0.445313 7.96875 0.0283203 0.046875
-0.416992 7.96875 0.0283203 0.046875
-0.388672 7.96875 0.0283203 0.046875
-0.360352 7.96875 0.0283203 0.046875
-0.332031 7.96875 0.0283203 0.046875
-0.303711 7.96875 0.0283203 0.046875
-0.275391 7.96875 0.0283203 0.046875
-0.24707 7.96875 0.0283203 0.046875
-0.21875 7.96875 0.0283203 0.046875
-0.19043 7.96875 0.0283203 0.046875
-0.162109 7.96875 0.0283203 0.046875
-0.133789 7.96875 0.0283203 0.046875
-0.105469 7.96875 0.0283203 0.046875
-0.0771484 7.96875 0.0283203 0.046875
-0.0488281 7.96875 0.0283203 0.046875
-0.0205078 7.96875 0.0283203 0.046875
0.0078125 7.96875 0.0283203 0.046875
0.0361328 7.96875 0.0283203 0.046875
0.0644531 7.96875 0.0283203 0.046875
0.0927734 7.96875 0.0283203 0.046875
0.121094 7.96875 0.0283203 0.046875
0.149414 7.96875 0.0283203 0.046875
0.177734 7.96875 0.0283203 0.046875
0.206055 7.96875 0.0283203 0.046875
0.234375 7.96875 0.0283203 0.046875
0.262695 7.96875 0.0283203 0.046875
0.291016 7.96875 0.0283203 0.046875
0.319336 7.96875 0.0283203 0.046875
0.347656 7.96875 0.0283203 0.046875
0.375977 7.96875 0.0283203 0.046875
0.404297 7.96875 0.0283203 0.046875
0.432617 7.96875 0.0283203 0.046875
0.460938 7.96875 0.0283203 0.046875
0.489258 7.96875 0.0283203 0.046875
0.517578 7.96875 0.0283203 0.046875
0.545898 7.96875 0.0283203 0.046875
0.574219 7.96875 0.0283203 0.046875
0.602539 7.96875 0.0283203 0.046875
0.630859 7.96875 0.0283203 0.046875
0.65918 7.96875 0.0283203 0.046875
0.6875 7.92188 0.0283203 0.046875
0.71582 7.92188 0.0283203 0.046875
0.744141 7.92188 0.0283203 0.046875
0.772461 7.92188 0.0283203 0.046875
0.6875 7.96875 0.0283203 0.046875
0.71582 7.96875 0.0283203 0.046875
0.800781 7.92188 0.0283203 0.046875
0.829102 7.92188 0.0283203 0.046875
0.857422 7.92188 0.0283203 0.046875
0.885742 7.92188 0.0283203 0.046875
0.914063 7.92188 0.0283203 0.046875
0.942383 7.92188 0.0283203 0.046875
0.970703 7.92188 0.0283203 0.046875
0.999023 7.92188 0.0283203 0.046875
1.02734 7.92188 0.0283203 0.046875
1.05566 7.92188 0.0283203 0.046875
1.08398 7.875 0.0283203 0.046875
1.1123 7.875 0.0283203 0.046875
1.08398 7.92188 0.0283203 0.046875
1.1123 7.92188 0.0283203 0.046875
1.36719 7.82813 0.0283203 0.046875
1.39551 7.82813 0.0283203 0.046875
1.42383 7.82813 0.0283203 0.046875
1.45215 7.82813 0.0283203 0.046875
1.48047 7.82813 0.0283203 0.046875
1.50879 7.82813 0.0283203 0.046875
1.53711 7.82813 0.0283203 0.046875
1.56543 7.82813 0.0283203 0.046875
1.14063 7.875 0.0283203 0.046875
1.16895 7.875 0.0283203 0.046875
1.19727 7.875 0.0283203 0.046875
1.22559 7.875 0.0283203 0.046875
1.25391 7.875 0.0283203 0.046875
1.28223 7.875 0.0283203 0.046875
1.31055 7.875 0.0283203 0.046875
1.33887 7.875 0.0283203 0.046875
1.36719 7.875 0.0283203 0.046875
1.39551 7.875 0.0283203 0.046875
1.59375 7.78125 0.0283203 0.046875
1.62207 7.78125 0.0283203 0.046875
1.59375 7.82813 0.0283203 0.046875
1.62207 7.82813 0.0283203 0.046875
1.65039 7.78125 0.0283203 0.046875
1.67871 7.78125 0.0283203 0.046875
1.70703 7.78125 0.0283203 0.046875
1.73535 7.78125 0.0283203 0.046875
1.76367 7.78125 0.0283203 0.046875
1.79199 7.78125 0.0283203 0.046875
1.82031 7.73438 0.0283203 0.046875
1.84863 7.73438 0.0283203 0.046875
1.87695 7.73438 0.0283203 0.046875
1.90527 7.73438 0.0283203 0.046875
1.82031 7.78125 0.0283203 0.046875
1.84863 7.78125 0.0283203 0.046875
1.93359 7.73438 0.0283203 0.046875
1.96191 7.73438 0.0283203 0.046875
1.99023 7.6875 0.0283203 0.046875
2.01855 7.6875 0.0283203 0.046875
1.99023 7.73438 0.0283203 0.046875
2.01855 7.73438 0.0283203 0.046875
2.16016 7.64063 0.0283203 0.046875
2.18848 7.64063 0.0283203 0.046875
2.2168 7.64063 0.0283203 0.046875
2.24512 7.64063 0.0283203 0.046875
2.04688 7.6875 0.0283203 0.046875
2.0752 7.6875 0.0283203 0.046875
2.10352 7.6875 0.0283203 0.046875
2.13184 7.6875 0.0283203 0.046875
2.16016 7.6875 0.0283203 0.046875
2.18848 7.6875 0.0283203 0.046875
2.27344 7.64063 0.0283203 0.046875
2.30176 7.64063 0.0283203 0.046875
2.33008 7.59375 0.0283203 0.046875
2.3584 7.59375 0.0283203 0.046875
2.33008 7.64063 0.0283203 0.046875
2.3584 7.64063 0.0283203 0.046875
2.38672 7.59375 0.0283203 0.046875
2.41504 7.59375 0.0283203 0.046875
2.44336 7.59375 0.0283203 0.046875
2.47168 7.59375 0.0283203 0.046875
-1.125 10.3125 0.0283203 0.046875
-1.09668 10.3125 0.0283203 0.046875
-1.06836 10.3125 0.0283203 0.046875
-1.04004 10.3125 0.0283203 0.046875
-1.06836 10.3594 0.0283203 0.046875
-1.04004 10.3594 0.0283203 0.046875
-1.01172 10.3594 0.0283203 0.046875
-0.983398 10.3594 0.0283203 0.046875
-1.01172 10.4063 0.0283203 0.046875
-0.983398 10.4063 0.0283203 0.046875
-0.955078 10.4063 0.0283203 0.046875
-0.926758 10.4063 0.0283203 0.046875
-0.898438 10.4063 0.0283203 0.046875
-0.870117 10.4063 0.0283203 0.046875
-0.898438 10.4531 0.0283203 0.046875
-0.870117 10.4531 0.0283203 0.046875
-0.841797 10.4531 0.0283203 0.046875
-0.813477 10.4531 0.0283203 0.046875
-0.841797 10.5 0.0283203 0.046875
-0.813477 10.5 0.0283203 0.046875
-0.785156 10.5 0.0283203 0.046875
-0.756836 10.5 0.0283203 0.046875
-0.728516 10.5 0.0283203 0.046875
-0.700195 10.5 0.0283203 0.046875
-0.728516 10.5469 0.0283203 0.046875
-0.700195 10.5469 0.0283203 0.046875
-0.671875 10.5469 0.0283203 0.046875
-0.643555 10.5469 0.0283203 0.046875
-0.671875 10.5938 0.0283203 0.046875
-0.643555 10.5938 0.0283203 0.046875
-0.615234 10.5938 0.0283203 0.046875
-0.586914 10.5938 0.0283203 0.046875
-0.558594 10.5938 0.0283203 0.046875
-0.530273 10.5938 0.0283203 0.046875
-0.558594 10.6406 0.0283203 0.046875
-0.530273 10.6406 0.0283203 0.046875
-0.501953 10.6406 0.0283203 0.046875
-0.473633 10.6406 0.0283203 0.046875
-0.501953 10.6875 0.0283203 0.046875
-0.473633 10.6875 0.0283203 0.046875
-0.445313 10.6875 0.0283203 0.046875
-0.416992 10.6875 0.0283203 0.046875
-0.388672 10.6875 0.0283203 0.046875
-0.360352 10.6875 0.0283203 0.046875
-0.388672 10.7344 0.0283203 0.046875
-0.360352 10.7344 0.0283203 0.046875
-0.332031 10.7344 0.0283203 0.046875
-0.303711 10.7344 0.0283203 0.046875
-0.275391 10.7344 0.0283203 0.046875
-0.24707 10.7344 0.0283203 0.046875
-0.275391 10.7813 0.0283203 0.046875
-0.24707 10.7813 0.0283203 0.046875
-0.21875 10.7813 0.0283203 0.046875
-0.19043 10.7813 0.0283203 0.046875
-0.21875 10.8281 0.0283203 0.046875
-0.19043 10.8281 0.0283203 0.046875
-0.162109 10.8281 0.0283203 0.046875
-0.133789 10.8281 0.0283203 0.046875
-0.105469 10.8281 0.0283203 0.046875
-0.0771484 10.8281 0.0283203 0.046875
-0.105469 10.875 0.0283203 0.046875
-0.0771484 10.875 0.0283203 0.046875
-0.0488281 10.875 0.0283203 0.046875
-0.0205078 10.875 0.0283203 0.046875
0.0078125 10.875 0.0283203 0.046875
0.0361328 10.875 0.0283203 0.046875
0.0078125 10.9219 0.0283203 0.046875
0.0361328 10.9219 0.0283203 0.046875
0.0644531 10.9219 0.0283203 0.046875
0.0927734 10.9219 0.0283203 0.046875
0.121094 10.9219 0.0283203 0.046875
0.149414 10.9219 0.0283203 0.046875
0.121094 10.9688 0.0283203 0.046875
0.149414 10.9688 0.0283203 0.046875
0.177734 10.9688 0.0283203 0.046875
0.206055 10.9688 0.0283203 0.046875
0.234375 10.9688 0.0283203 0.046875
0.262695 10.9688 0.0283203 0.046875
0.234375 11.0156 0.0283203 0.046875
0.262695 11.0156 0.0283203 0.046875
0.291016 11.0156 0.0283203 0.046875
0.319336 11.0156 0.0283203 0.046875
0.347656 11.0156 0.0283203 0.046875
0.375977 11.0156 0.0283203 0.046875
0.347656 11.0625 0.0283203 0.046875
0.375977 11.0625 0.0283203 0.046875
0.404297 11.0625 0.0283203 0.046875
0.432617 11.0625 0.0283203 0.046875
0.460938 11.0625 0.0283203 0.046875
0.489258 11.0625 0.0283203 0.046875
0.460938 11.1094 0.0283203 0.046875
0.489258 11.1094 0.0283203 0.046875
0.517578 11.1094 0.0283203 0.046875
0.545898 11.1094 0.0283203 0.046875
0.574219 11.1094 0.0283203 0.046875
0.602539 11.1094 0.0283203 0.046875
0.574219 11.1563 0.0283203 0.046875
0.602539 11.1563 0.0283203 0.046875
0.630859 11.1563 0.0283203 0.046875
0.65918 11.1563 0.0283203 0.046875
0.6875 11.1563 0.0283203 0.046875
0.71582 11.1563 0.0283203 0.046875
0.6875 11.2031 0.0283203 0.046875
0.71582 11.2031 0.0283203 0.046875
0.744141 11.2031 0.0283203 0.046875
0.772461 11.2031 0.0283203 0.046875
0.800781 11.2031 0.0283203 0.046875
0.829102 11.2031 0.0283203 0.046875
0.800781 11.25 0.0283203 0.046875
0.829102 11.25 0.0283203 0.046875
0.857422 11.25 0.0283203 0.046875
0.885742 11.25 0.0283203 0.046875
0.914063 11.25 0.0283203 0.046875
0.942383 11.25 0.0283203 0.046875
0.914063 11.2969 0.0283203 0.046875
0.942383 11.2969 0.0283203 0.046875
0.970703 11.2969 0.0283203 0.046875
0.999023 11.2969 0.0283203 0.046875
1.02734 11.2969 0.0283203 0.046875
1.05566 11.2969 0.0283203 0.046875
1.08398 11.2969 0.0283203 0.046875
1.1123 11.2969 0.0283203 0.046875
1.08398 11.3438 0.0283203 0.046875
1.1123 11.3438 0.0283203 0.046875
1.14063 11.3438 0.0283203 0.046875
1.16895 11.3438 0.0283203 0.046875
1.19727 11.3438 0.0283203 0.046875
1.22559 11.3438 0.0283203 0.046875
1.19727 11.3906 0.0283203 0.046875
1.22559 11.3906 0.0283203 0.046875
1.25391 11.3906 0.0283203 0.046875
1.28223 11.3906 0.0283203 0.046875
1.31055 11.3906 0.0283203 0.046875
1.33887 11.3906 0.0283203 0.046875
1.36719 11.3906 0.0283203 0.046875
1.39551 11.3906 0.0283203 0.046875
1.36719 11.4375 0.0283203 0.046875
1.39551 11.4375 0.0283203 0.046875
1.42383 11.4375 0.0283203 0.046875
1.45215 11.4375 0.0283203 0.046875
1.48047 11.4375 0.0283203 0.046875
1.50879 11.4375 0.0283203 0.046875
1.48047 11.4844 0.0283203 0.046875
1.50879 11.4844 0.0283203 0.046875
1.53711 11.4844 0.0283203 0.046875
1.56543 11.4844 0.0283203 0.046875
1.59375 11.4844 0.0283203 0.046875
1.62207 11.4844 0.0283203 0.046875
1.65039 11.4844 0.0283203 0.046875
1.67871 11.4844 0.0283203 0.046875
1.65039 11.5313 0.0283203 0.046875
1.67871 11.5313 0.0283203 0.046875
1.70703 11.5313 0.0283203 0.046875
1.73535 11.5313 0.0283203 0.046875
1.76367 11.5313 0.0283203 0.046875
1.79199 11.5313 0.0283203 0.046875
1.82031 11.5313 0.0283203 0.046875
1.84863 11.5313 0.0283203 0.046875
1.82031 11.5781 0.0283203 0.046875
1.84863 11.5781 0.0283203 0.046875
1.87695 11.5781 0.0283203 0.046875
1.90527 11.5781 0.0283203 0.046875
1.93359 11.5781 0.0283203 0.046875
1.96191 11.5781 0.0283203 0.046875
1.99023 11.5781 0.0283203 0.046875
2.01855 11.5781 0.0283203 0.046875
1.99023 11.625 0.0283203 0.046875
2.01855 11.625 0.0283203 0.046875
2.04688 11.625 0.0283203 0.046875
2.0752 11.625 0.0283203 0.046875
2.10352 11.625 0.0283203 0.046875
2.13184 11.625 0.0283203 0.046875
2.16016 11.625 0.0283203 0.046875
2.18848 11.625 0.0283203 0.046875
2.16016 11.6719 0.0283203 0.046875
2.18848 11.6719 0.0283203 0.046875
2.2168 11.6719 0.0283203 0.046875
2.24512 11.6719 0.0283203 0.046875
2.27344 11.6719 0.0283203 0.046875
2.30176 11.6719 0.0283203 0.046875
2.33008 11.6719 0.0283203 0.046875
2.3584 11.6719 0.0283203 0.046875
2.38672 11.6719 0.0283203 0.046875
2.41504 11.6719 0.0283203 0.046875
2.38672 11.7188 0.0283203 0.046875
2.41504 11.7188 0.0283203 0.046875
2.44336 11.7188 0.0283203 0.046875
2.47168 11.7188 0.0283203 0.046875
2.5 7.59375 0.0283203 0.046875
2.52832 7.59375 0.0283203 0.046875
2.55664 7.59375 0.0283203 0.046875
2.58496 7.59375 0.0283203 0.046875
2.61328 7.59375 0.0283203 0.046875
2.6416 7.59375 0.0283203 0.046875
2.61328 7.64063 0.0283203 0.046875
2.6416 7.64063 0.0283203 0.046875
2.66992 7.64063 0.0283203 0.046875
2.69824 7.64063 0.0283203 0.046875
2.72656 7.64063 0.0283203 0.046875
2.75488 7.64063 0.0283203 0.046875
2.7832 7.64063 0.0283203 0.046875
2.81152 7.64063 0.0283203 0.046875
2.7832 7.6875 0.0283203 0.046875
2.81152 7.6875 0.0283203 0.046875
2.83984 7.6875 0.0283203 0.046875
2.86816 7.6875 0.0283203 0.046875
2.89648 7.6875 0.0283203 0.046875
2.9248 7.6875 0.0283203 0.046875
2.95313 7.6875 0.0283203 0.046875
2.98145 7.6875 0.0283203 0.046875
2.95313 7.73438 0.0283203 0.046875
2.98145 7.73438 0.0283203 0.046875
3.00977 7.73438 0.0283203 0.046875
3.03809 7.73438 0.0283203 0.046875
3.06641 7.73438 0.0283203 0.046875
3.09473 7.73438 0.0283203 0.046875
3.12305 7.73438 0.0283203 0.046875
3.15137 7.73438 0.0283203 0.046875
3.12305 7.78125 0.0283203 0.046875
3.15137 7.78125 0.0283203 0.046875
3.17969 7.78125 0.0283203 0.046875
3.20801 7.78125 0.0283203 0.046875
3.23633 7.78125 0.0283203 0.046875
3.26465 7.78125 0.0283203 0.046875
3.29297 7.78125 0.0283203 0.046875
3.32129 7.78125 0.0283203 0.046875
3.34961 7.78125 0.0283203 0.046875
3.37793 7.78125 0.0283203 0.046875
3.34961 7.82813 0.0283203 0.046875
3.37793 7.82813 0.0283203 0.046875
3.40625 7.82813 0.0283203 0.046875
3.43457 7.82813 0.0283203 0.046875
3.46289 7.82813 0.0283203 0.046875
3.49121 7.82813 0.0283203 0.046875
3.51953 7.82813 0.0283203 0.046875
3.54785 7.82813 0.0283203 0.046875
3.57617 7.82813 0.0283203 0.046875
3.60449 7.82813 0.0283203 0.046875
3.57617 7.875 0.0283203 0.046875
3.60449 7.875 0.0283203 0.046875
3.63281 7.875 0.0283203 0.046875
3.66113 7.875 0.0283203 0.046875
3.68945 7.875 0.0283203 0.046875
3.71777 7.875 0.0283203 0.046875
3.74609 7.875 0.0283203 0.046875
3.77441 7.875 0.0283203 0.046875
3.80273 7.875 0.0283203 0.046875
3.83105 7.875 0.0283203 0.046875
3.85938 7.875 0.0283203 0.046875
3.8877 7.875 0.0283203 0.046875
3.85938 7.92188 0.0283203 0.046875
3.8877 7.92188 0.0283203 0.046875
3.91602 7.92188 0.0283203 0.046875
3.94434 7.92188 0.0283203 0.046875
3.97266 7.92188 0.0283203 0.046875
4.00098 7.92188 0.0283203 0.046875
4.0293 7.92188 0.0283203 0.046875
4.05762 7.92188 0.0283203 0.046875
4.08594 7.92188 0.0283203 0.046875
4.11426 7.92188 0.0283203 0.046875
4.14258 7.92188 0.0283203 0.046875
4.1709 7.92188 0.0283203 0.046875
4.19922 7.92188 0.0283203 0.046875
4.22754 7.92188 0.0283203 0.046875
4.25586 7.92188 0.0283203 0.046875
4.28418 7.92188 0.0283203 0.046875
4.25586 7.96875 0.0283203 0.046875
4.28418 7.96875 0.0283203 0.046875
4.3125 7.96875 0.0283203 0.046875
4.34082 7.96875 0.0283203 0.046875
4.36914 7.96875 0.0283203 0.046875
4.39746 7.96875 0.0283203 0.046875
4.42578 7.96875 0.0283203 0.046875
4.4541 7.96875 0.0283203 0.046875
4.48242 7.96875 0.0283203 0.046875
4.51074 7.96875 0.0283203 0.046875
4.53906 7.96875 0.0283203 0.046875
4.56738 7.96875 0.0283203 0.046875
4.5957 7.96875 0.0283203 0.046875
4.62402 7.96875 0.0283203 0.046875
4.65234 7.96875 0.0283203 0.046875
4.68066 7.96875 0.0283203 0.046875
4.70898 7.96875 0.0283203 0.046875
4.7373 7.96875 0.0283203 0.046875
4.76563 7.96875 0.0283203 0.046875
4.79395 7.96875 0.0283203 0.046875
4.82227 7.96875 0.0283203 0.046875
4.85059 7.96875 0.0283203 0.046875
4.87891 7.96875 0.0283203 0.046875
4.90723 7.96875 0.0283203 0.046875
4.93555 7.96875 0.0283203 0.046875
4.96387 7.96875 0.0283203 0.046875
4.99219 7.96875 0.0283203 0.046875
5.02051 7.96875 0.0283203 0.046875
5.04883 7.96875 0.0283203 0.046875
5.07715 7.96875 0.0283203 0.046875
5.10547 7.96875 0.0283203 0.046875
5.13379 7.96875 0.0283203 0.046875
5.16211 7.96875 0.0283203 0.046875
5.19043 7.96875 0.0283203 0.046875
5.21875 7.96875 0.0283203 0.046875
5.24707 7.96875 0.0283203 0.046875
5.27539 7.96875 0.0283203 0.046875
5.30371 7.96875 0.0283203 0.046875
5.33203 7.96875 0.0283203 0.046875
5.36035 7.96875 0.0283203 0.046875
5.38867 7.96875 0.0283203 0.046875
5.41699 7.96875 0.0283203 0.046875
5.44531 7.96875 0.0283203 0.046875
5.47363 7.96875 0.0283203 0.046875
5.50195 7.96875 0.0283203 0.046875
5.53027 7.96875 0.0283203 0.046875
5.55859 7.96875 0.0283203 0.046875
5.58691 7.96875 0.0283203 0.046875
5.61523 7.96875 0.0283203 0.046875
5.64355 7.96875 0.0283203 0.046875
5.67188 7.92188 0.0283203 0.046875
5.7002 7.92188 0.0283203 0.046875
5.72852 7.92188 0.0283203 0.046875
5.75684 7.92188 0.0283203 0.046875
5.67188 7.96875 0.0283203 0.046875
5.7002 7.96875 0.0283203 0.046875
5.78516 7.92188 0.0283203 0.046875
5.81348 7.92188 0.0283203 0.046875
5.8418 7.92188 0.0283203 0.046875
5.87012 7.92188 0.0283203 0.046875
5.89844 7.92188 0.0283203 0.046875
5.92676 7.92188 0.0283203 0.046875
5.95508 7.92188 0.0283203 0.046875
5.9834 7.92188 0.0283203 0.046875
6.01172 7.92188 0.0283203 0.046875
6.04004 7.92188 0.0283203 0.046875
6.06836 7.875 0.0283203 0.046875
6.09668 7.875 0.0283203 0.046875
6.06836 7.92188 0.0283203 0.046875
6.09668 7.92188 0.0283203 0.046875
2.55664 11.6719 0.0283203 0.046875
2.58496 11.6719 0.0283203 0.046875
2.5 11.7188 0.0283203 0.046875
2.52832 11.7188 0.0283203 0.046875
2.55664 11.7188 0.0283203 0.046875
2.58496 11.7188 0.0283203 0.046875
2.61328 11.6719 0.0283203 0.046875
2.6416 11.6719 0.0283203 0.046875
2.66992 11.6719 0.0283203 0.046875
2.69824 11.6719 0.0283203 0.046875
2.72656 11.6719 0.0283203 0.046875
2.75488 11.6719 0.0283203 0.046875
2.7832 11.625 0.0283203 0.046875
2.81152 11.625 0.0283203 0.046875
2.7832 11.6719 0.0283203 0.046875
2.81152 11.6719 0.0283203 0.046875
2.83984 11.625 0.0283203 0.046875
2.86816 11.625 0.0283203 0.046875
2.89648 11.625 0.0283203 0.046875
2.9248 11.625 0.0283203 0.046875
2.95313 11.5781 0.0283203 0.046875
2.98145 11.5781 0.0283203 0.046875
3.00977 11.5781 0.0283203 0.046875
3.03809 11.5781 0.0283203 0.046875
3.06641 11.5781 0.0283203 0.046875
3.09473 11.5781 0.0283203 0.046875
3.12305 11.5313 0.0283203 0.046875
3.15137 11.5313 0.0283203 0.046875
3.12305 11.5781 0.0283203 0.046875
3.15137 11.5781 0.0283203 0.046875
3.17969 11.5313 0.0283203 0.046875
3.20801 11.5313 0.0283203 0.046875
3.23633 11.5313 0.0283203 0.046875
3.26465 11.5313 0.0283203 0.046875
3.29297 11.4844 0.0283203 0.046875
3.32129 11.4844 0.0283203 0.046875
3.34961 11.4844 0.0283203 0.046875
3.37793 11.4844 0.0283203 0.046875
3.29297 11.5313 0.0283203 0.046875
3.32129 11.5313 0.0283203 0.046875
2.95313 11.625 0.0283203 0.046875
2.98145 11.625 0.0283203 0.046875
4.14258 11.2031 0.0283203 0.046875
4.1709 11.2031 0.0283203 0.046875
4.19922 11.2031 0.0283203 0.046875
4.22754 11.2031 0.0283203 0.046875
4.25586 11.1563 0.0283203 0.046875
4.28418 11.1563 0.0283203 0.046875
4.25586 11.2031 0.0283203 0.046875
4.28418 11.2031 0.0283203 0.046875
3.57617 11.3906 0.0283203 0.046875
3.60449 11.3906 0.0283203 0.046875
3.40625 11.4844 0.0283203 0.046875
3.43457 11.4844 0.0283203 0.046875
3.46289 11.4375 0.0283203 0.046875
3.49121 11.4375 0.0283203 0.046875
3.46289 11.4844 0.0283203 0.046875
3.49121 11.4844 0.0283203 0.046875
3.51953 11.4375 0.0283203 0.046875
3.54785 11.4375 0.0283203 0.046875
3.57617 11.4375 0.0283203 0.046875
3.60449 11.4375 0.0283203 0.046875
3.63281 11.3906 0.0283203 0.046875
3.66113 11.3906 0.0283203 0.046875
3.68945 11.3906 0.0283203 0.046875
3.71777 11.3906 0.0283203 0.046875
3.74609 11.3438 0.0283203 0.046875
3.77441 11.3438 0.0283203 0.046875
3.74609 11.3906 0.0283203 0.046875
3.77441 11.3906 0.0283203 0.046875
3.80273 11.3438 0.0283203 0.046875
3.83105 11.3438 0.0283203 0.046875
3.85938 11.2969 0.0283203 0.046875
3.8877 11.2969 0.0283203 0.046875
3.91602 11.2969 0.0283203 0.046875
3.94434 11.2969 0.0283203 0.046875
3.85938 11.3438 0.0283203 0.046875
3.8877 11.3438 0.0283203 0.046875
3.97266 11.2969 0.0283203 0.046875
4.00098 11.2969 0.0283203 0.046875
4.0293 11.25 0.0283203 0.046875
4.05762 11.25 0.0283203 0.046875
4.0293 11.2969 0.0283203 0.046875
4.05762 11.2969 0.0283203 0.046875
4.08594 11.25 0.0283203 0.046875
4.11426 11.25 0.0283203 0.046875
4.14258 11.25 0.0283203 0.046875
4.1709 11.25 0.0283203 0.046875
5.78516 10.4531 0.0283203 0.046875
5.81348 10.4531 0.0283203 0.046875
5.8418 10.4063 0.0283203 0.046875
5.87012 10.4063 0.0283203 0.046875
5.8418 10.4531 0.0283203 0.046875
5.87012 10.4531 0.0283203 0.046875
5.95508 10.3594 0.0283203 0.046875
5.9834 10.3594 0.0283203 0.046875
5.89844 10.4063 0.0283203 0.046875
5.92676 10.4063 0.0283203 0.046875
5.95508 10.4063 0.0283203 0.046875
5.9834 10.4063 0.0283203 0.046875
6.01172 10.3125 0.0283203 0.046875
6.04004 10.3125 0.0283203 0.046875
6.01172 10.3594 0.0283203 0.046875
6.04004 10.3594 0.0283203 0.046875
6.06836 10.3125 0.0283203 0.046875
6.09668 10.3125 0.0283203 0.046875
4.36914 11.1094 0.0283203 0.046875
4.39746 11.1094 0.0283203 0.046875
4.3125 11.1563 0.0283203 0.046875
4.34082 11.1563 0.0283203 0.046875
4.36914 11.1563 0.0283203 0.046875
4.39746 11.1563 0.0283203 0.046875
4.42578 11.1094 0.0283203 0.046875
4.4541 11.1094 0.0283203 0.046875
4.48242 11.0625 0.0283203 0.046875
4.51074 11.0625 0.0283203 0.046875
4.48242 11.1094 0.0283203 0.046875
4.51074 11.1094 0.0283203 0.046875
4.5957 11.0156 0.0283203 0.046875
4.62402 11.0156 0.0283203 0.046875
4.65234 11.0156 0.0283203 0.046875
4.68066 11.0156 0.0283203 0.046875
4.70898 10.9688 0.0283203 0.046875
4.7373 10.9688 0.0283203 0.046875
4.70898 11.0156 0.0283203 0.046875
4.7373 11.0156 0.0283203 0.046875
4.53906 11.0625 0.0283203 0.046875
4.56738 11.0625 0.0283203 0.046875
4.5957 11.0625 0.0283203 0.046875
4.62402 11.0625 0.0283203 0.046875
5.04883 10.8281 0.0283203 0.046875
5.07715 10.8281 0.0283203 0.046875
5.10547 10.8281 0.0283203 0.046875
5.13379 10.8281 0.0283203 0.046875
5.16211 10.7813 0.0283203 0.046875
5.19043 10.7813 0.0283203 0.046875
5.16211 10.8281 0.0283203 0.046875
5.19043 10.8281 0.0283203 0.046875
4.82227 10.9219 0.0283203 0.046875
4.85059 10.9219 0.0283203 0.046875
4.76563 10.9688 0.0283203 0.046875
4.79395 10.9688 0.0283203 0.046875
4.82227 10.9688 0.0283203 0.046875
4.85059 10.9688 0.0283203 0.046875
4.87891 10.9219 0.0283203 0.046875
4.90723 10.9219 0.0283203 0.046875
4.93555 10.875 0.0283203 0.046875
4.96387 10.875 0.0283203 0.046875
4.93555 10.9219 0.0283203 0.046875
4.96387 10.9219 0.0283203 0.046875
4.99219 10.875 0.0283203 0.046875
5.02051 10.875 0.0283203 0.046875
5.04883 10.875 0.0283203 0.046875
5.07715 10.875 0.0283203 0.046875
5.21875 10.7344 0.0283203 0.046875
5.24707 10.7344 0.0283203 0.046875
5.27539 10.7344 0.0283203 0.046875
5.30371 10.7344 0.0283203 0.046875
5.21875 10.7813 0.0283203 0.046875
5.24707 10.7813 0.0283203 0.046875
5.33203 10.6875 0.0283203 0.046875
5.36035 10.6875 0.0283203 0.046875
5.33203 10.7344 0.0283203 0.046875
5.36035 10.7344 0.0283203 0.046875
5.38867 10.6875 0.0283203 0.046875
5.41699 10.6875 0.0283203 0.046875
5.44531 10.6406 0.0283203 0.046875
5.47363 10.6406 0.0283203 0.046875
5.50195 10.5938 0.0283203 0.046875
5.53027 10.5938 0.0283203 0.046875
5.50195 10.6406 0.0283203 0.046875
5.53027 10.6406 0.0283203 0.046875
5.61523 10.5469 0.0283203 0.046875
5.64355 10.5469 0.0283203 0.046875
5.55859 10.5938 0.0283203 0.046875
5.58691 10.5938 0.0283203 0.046875
5.61523 10.5938 0.0283203 0.046875
5.64355 10.5938 0.0283203 0.046875
5.44531 10.6875 0.0283203 0.046875
5.47363 10.6875 0.0283203 0.046875
5.67188 10.5 0.0283203 0.046875
5.7002 10.5 0.0283203 0.046875
5.67188 10.5469 0.0283203 0.046875
5.7002 10.5469 0.0283203 0.046875
5.72852 10.5 0.0283203 0.046875
5.75684 10.5 0.0283203 0.046875
5.78516 10.5 0.0283203 0.046875
5.81348 10.5 0.0283203 0.046875
7.76758 7.45313 0.0283203 0.046875
7.7959 7.45313 0.0283203 0.046875
7.82422 7.45313 0.0283203 0.046875
7.85254 7.45313 0.0283203 0.046875
7.88086 7.40625 0.0283203 0.046875
7.90918 7.40625 0.0283203 0.046875
7.88086 7.45313 0.0283203 0.046875
7.90918 7.45313 0.0283203 0.046875
6.4082 7.82813 0.0283203 0.046875
6.43652 7.82813 0.0283203 0.046875
6.46484 7.82813 0.0283203 0.046875
6.49316 7.82813 0.0283203 0.046875
6.52148 7.82813 0.0283203 0.046875
6.5498 7.82813 0.0283203 0.046875
6.125 7.875 0.0283203 0.046875
6.15332 7.875 0.0283203 0.046875
6.18164 7.875 0.0283203 0.046875
6.20996 7.875 0.0283203 0.046875
6.23828 7.875 0.0283203 0.046875
6.2666 7.875 0.0283203 0.046875
6.29492 7.875 0.0283203 0.046875
6.32324 7.875 0.0283203 0.046875
6.35156 7.875 0.0283203 0.046875
6.37988 7.875 0.0283203 0.046875
6.4082 7.875 0.0283203 0.046875
6.43652 7.875 0.0283203 0.046875
6.57813 7.82813 0.0283203 0.046875
6.60645 7.82813 0.0283203 0.046875
6.63477 7.78125 0.0283203 0.046875
6.66309 7.78125 0.0283203 0.046875
6.63477 7.82813 0.0283203 0.046875
6.66309 7.82813 0.0283203 0.046875
6.69141 7.78125 0.0283203 0.046875
6.71973 7.78125 0.0283203 0.046875
6.74805 7.78125 0.0283203 0.046875
6.77637 7.78125 0.0283203 0.046875
6.80469 7.73438 0.0283203 0.046875
6.83301 7.73438 0.0283203 0.046875
6.86133 7.73438 0.0283203 0.046875
6.88965 7.73438 0.0283203 0.046875
6.80469 7.78125 0.0283203 0.046875
6.83301 7.78125 0.0283203 0.046875
6.91797 7.73438 0.0283203 0.046875
6.94629 7.73438 0.0283203 0.046875
6.97461 7.73438 0.0283203 0.046875
7.00293 7.73438 0.0283203 0.046875
7.20117 7.64063 0.0283203 0.046875
7.22949 7.64063 0.0283203 0.046875
7.03125 7.6875 0.0283203 0.046875
7.05957 7.6875 0.0283203 0.046875
7.03125 7.73438 0.0283203 0.046875
7.05957 7.73438 0.0283203 0.046875
7.08789 7.6875 0.0283203 0.046875
7.11621 7.6875 0.0283203 0.046875
7.14453 7.6875 0.0283203 0.046875
7.17285 7.6875 0.0283203 0.046875
7.20117 7.6875 0.0283203 0.046875
7.22949 7.6875 0.0283203 0.046875
7.25781 7.64063 0.0283203 0.046875
7.28613 7.64063 0.0283203 0.046875
7.31445 7.59375 0.0283203 0.046875
7.34277 7.59375 0.0283203 0.046875
7.31445 7.64063 0.0283203 0.046875
7.34277 7.64063 0.0283203 0.046875
7.37109 7.59375 0.0283203 0.046875
7.39941 7.59375 0.0283203 0.046875
7.42773 7.59375 0.0283203 0.046875
7.45605 7.59375 0.0283203 0.046875
7.48438 7.54688 0.0283203 0.046875
7.5127 7.54688 0.0283203 0.046875
7.54102 7.54688 0.0283203 0.046875
7.56934 7.54688 0.0283203 0.046875
7.48438 7.59375 0.0283203 0.046875
7.5127 7.59375 0.0283203 0.046875
7.59766 7.5 0.0283203 0.046875
7.62598 7.5 0.0283203 0.046875
7.59766 7.54688 0.0283203 0.046875
7.62598 7.54688 0.0283203 0.046875
7.6543 7.5 0.0283203 0.046875
7.68262 7.5 0.0283203 0.046875
7.71094 7.5 0.0283203 0.046875
7.73926 7.5 0.0283203 0.046875
7.76758 7.5 0.0283203 0.046875
7.7959 7.5 0.0283203 0.046875
7.88086 8.95313 0.0283203 0.046875
7.90918 8.95313 0.0283203 0.046875
7.99414 7.35938 0.0283203 0.046875
8.02246 7.35938 0.0283203 0.046875
7.9375 7.40625 0.0283203 0.046875
7.96582 7.40625 0.0283203 0.046875
7.99414 7.40625 0.0283203 0.046875
8.02246 7.40625 0.0283203 0.046875
8.05078 7.35938 0.0283203 0.046875
8.0791 7.35938 0.0283203 0.046875
8.10742 7.3125 0.0283203 0.046875
8.13574 7.3125 0.0283203 0.046875
8.10742 7.35938 0.0283203 0.046875
8.13574 7.35938 0.0283203 0.046875
8.2207 7.26563 0.0283203 0.046875
8.24902 7.26563 0.0283203 0.046875
8.27734 7.26563 0.0283203 0.046875
8.30566 7.26563 0.0283203 0.046875
8.33398 7.21875 0.0283203 0.046875
8.3623 7.21875 0.0283203 0.046875
8.33398 7.26563 0.0283203 0.046875
8.3623 7.26563 0.0283203 0.046875
8.16406 7.3125 0.0283203 0.046875
8.19238 7.3125 0.0283203 0.046875
8.2207 7.3125 0.0283203 0.046875
8.24902 7.3125 0.0283203 0.046875
8.61719 7.07813 0.0283203 0.046875
8.64551 7.07813 0.0283203 0.046875
8.67383 7.03125 0.0283203 0.046875
8.70215 7.03125 0.0283203 0.046875
8.67383 7.07813 0.0283203 0.046875
8.70215 7.07813 0.0283203 0.046875
8.78711 6.98438 0.0283203 0.046875
8.81543 6.98438 0.0283203 0.046875
8.73047 7.03125 0.0283203 0.046875
8.75879 7.03125 0.0283203 0.046875
8.78711 7.03125 0.0283203 0.046875
8.81543 7.03125 0.0283203 0.046875
8.44727 7.17188 0.0283203 0.046875
8.47559 7.17188 0.0283203 0.046875
8.39063 7.21875 0.0283203 0.046875
8.41895 7.21875 0.0283203 0.046875
8.44727 7.21875 0.0283203 0.046875
8.47559 7.21875 0.0283203 0.046875
8.50391 7.125 0.0283203 0.046875
8.53223 7.125 0.0283203 0.046875
8.50391 7.17188 0.0283203 0.046875
8.53223 7.17188 0.0283203 0.046875
8.56055 7.125 0.0283203 0.046875
8.58887 7.125 0.0283203 0.046875
8.61719 7.125 0.0283203 0.046875
8.64551 7.125 0.0283203 0.046875
9.24023 6.70313 0.0283203 0.046875
9.26855 6.70313 0.0283203 0.046875
9.29688 6.70313 0.0283203 0.046875
9.3252 6.70313 0.0283203 0.046875
9.35352 6.65625 0.0283203 0.046875
9.38184 6.65625 0.0283203 0.046875
9.35352 6.70313 0.0283203 0.046875
9.38184 6.70313 0.0283203 0.046875
9.41016 6.60938 0.0283203 0.046875
9.43848 6.60938 0.0283203 0.046875
9.4668 6.5625 0.0283203 0.046875
9.49512 6.5625 0.0283203 0.046875
9.4668 6.60938 0.0283203 0.046875
9.49512 6.60938 0.0283203 0.046875
9.41016 6.65625 0.0283203 0.046875
9.43848 6.65625 0.0283203 0.046875
9.52344 6.51563 0.0283203 0.046875
9.55176 6.51563 0.0283203 0.046875
9.58008 6.51563 0.0283203 0.046875
9.6084 6.51563 0.0283203 0.046875
9.69336 6.42188 0.0283203 0.046875
9.72168 6.42188 0.0283203 0.046875
9.63672 6.46875 0.0283203 0.046875
9.66504 6.46875 0.0283203 0.046875
9.63672 6.51563 0.0283203 0.046875
9.66504 6.51563 0.0283203 0.046875
9.69336 6.46875 0.0283203 0.046875
9.72168 6.46875 0.0283203 0.046875
9.52344 6.5625 0.0283203 0.046875
9.55176 6.5625 0.0283203 0.046875
8.95703 6.89063 0.0283203 0.046875
8.98535 6.89063 0.0283203 0.046875
9.01367 6.84375 0.0283203 0.046875
9.04199 6.84375 0.0283203 0.046875
9.01367 6.89063 0.0283203 0.046875
9.04199 6.89063 0.0283203 0.046875
8.84375 6.98438 0.0283203 0.046875
8.87207 6.98438 0.0283203 0.046875
8.90039 6.9375 0.0283203 0.046875
8.92871 6.9375 0.0283203 0.046875
8.90039 6.98438 0.0283203 0.046875
8.92871 6.98438 0.0283203 0.046875
8.95703 6.9375 0.0283203 0.046875
8.98535 6.9375 0.0283203 0.046875
9.12695 6.79688 0.0283203 0.046875
9.15527 6.79688 0.0283203 0.046875
9.07031 6.84375 0.0283203 0.046875
9.09863 6.84375 0.0283203 0.046875
9.12695 6.84375 0.0283203 0.046875
9.15527 6.84375 0.0283203 0.046875
9.18359 6.75 0.0283203 0.046875
9.21191 6.75 0.0283203 0.046875
9.18359 6.79688 0.0283203 0.046875
9.21191 6.79688 0.0283203 0.046875
9.24023 6.75 0.0283203 0.046875
9.26855 6.75 0.0283203 0.046875
9.69336 6.98438 0.0283203 0.046875
9.72168 6.98438 0.0283203 0.046875
9.63672 7.03125 0.0283203 0.046875
9.66504 7.03125 0.0283203 0.046875
9.63672 7.07813 0.0283203 0.046875
9.66504 7.07813 0.0283203 0.046875
9.69336 7.03125 0.0283203 0.046875
9.72168 7.03125 0.0283203 0.046875
9.4668 7.26563 0.0283203 0.046875
9.49512 7.26563 0.0283203 0.046875
9.35352 7.40625 0.0283203 0.046875
9.38184 7.40625 0.0283203 0.046875
9.35352 7.45313 0.0283203 0.046875
9.38184 7.45313 0.0283203 0.046875
9.41016 7.35938 0.0283203 0.046875
9.43848 7.35938 0.0283203 0.046875
9.4668 7.3125 0.0283203 0.046875
9.49512 7.3125 0.0283203 0.046875
9.4668 7.35938 0.0283203 0.046875
9.49512 7.35938 0.0283203 0.046875
9.41016 7.40625 0.0283203 0.046875
9.43848 7.40625 0.0283203 0.046875
9.58008 7.125 0.0283203 0.046875
9.6084 7.125 0.0283203 0.046875
9.58008 7.17188 0.0283203 0.046875
9.6084 7.17188 0.0283203 0.046875
9.52344 7.21875 0.0283203 0.046875
9.55176 7.21875 0.0283203 0.046875
9.52344 7.26563 0.0283203 0.046875
9.55176 7.26563 0.0283203 0.046875
9.58008 7.21875 0.0283203 0.046875
9.6084 7.21875 0.0283203 0.046875
9.63672 7.125 0.0283203 0.046875
9.66504 7.125 0.0283203 0.046875
8.67383 8.20313 0.0283203 0.046875
8.70215 8.20313 0.0283203 0.046875
8.78711 8.10938 0.0283203 0.046875
8.81543 8.10938 0.0283203 0.046875
8.73047 8.15625 0.0283203 0.046875
8.75879 8.15625 0.0283203 0.046875
8.73047 8.20313 0.0283203 0.046875
8.75879 8.20313 0.0283203 0.046875
8.78711 8.15625 0.0283203 0.046875
8.81543 8.15625 0.0283203 0.046875
8.33398 8.57813 0.0283203 0.046875
8.3623 8.57813 0.0283203 0.046875
8.10742 8.76563 0.0283203 0.046875
8.13574 8.76563 0.0283203 0.046875
7.99414 8.85938 0.0283203 0.046875
8.02246 8.85938 0.0283203 0.046875
7.9375 8.90625 0.0283203 0.046875
7.96582 8.90625 0.0283203 0.046875
7.9375 8.95313 0.0283203 0.046875
7.96582 8.95313 0.0283203 0.046875
7.99414 8.90625 0.0283203 0.046875
8.02246 8.90625 0.0283203 0.046875
8.05078 8.8125 0.0283203 0.046875
8.0791 8.8125 0.0283203 0.046875
8.05078 8.85938 0.0283203 0.046875
8.0791 8.85938 0.0283203 0.046875
8.10742 8.8125 0.0283203 0.046875
8.13574 8.8125 0.0283203 0.046875
8.2207 8.67188 0.0283203 0.046875
8.24902 8.67188 0.0283203 0.046875
8.16406 8.71875 0.0283203 0.046875
8.19238 8.71875 0.0283203 0.046875
8.16406 8.76563 0.0283203 0.046875
8.19238 8.76563 0.0283203 0.046875
8.2207 8.71875 0.0283203 0.046875
8.24902 8.71875 0.0283203 0.046875
8.27734 8.625 0.0283203 0.046875
8.30566 8.625 0.0283203 0.046875
8.27734 8.67188 0.0283203 0.046875
8.30566 8.67188 0.0283203 0.046875
8.33398 8.625 0.0283203 0.046875
8.3623 8.625 0.0283203 0.046875
8.50391 8.39063 0.0283203 0.046875
8.53223 8.39063 0.0283203 0.046875
8.56055 8.34375 0.0283203 0.046875
8.58887 8.34375 0.0283203 0.046875
8.56055 8.39063 0.0283203 0.046875
8.58887 8.39063 0.0283203 0.046875
8.39063 8.48438 0.0283203 0.046875
8.41895 8.48438 0.0283203 0.046875
8.44727 8.4375 0.0283203 0.046875
8.47559 8.4375 0.0283203 0.046875
8.44727 8.48438 0.0283203 0.046875
8.47559 8.48438 0.0283203 0.046875
8.39063 8.53125 0.0283203 0.046875
8.41895 8.53125 0.0283203 0.046875
8.39063 8.57813 0.0283203 0.046875
8.41895 8.57813 0.0283203 0.046875
8.50391 8.4375 0.0283203 0.046875
8.53223 8.4375 0.0283203 0.046875
8.61719 8.25 0.0283203 0.046875
8.64551 8.25 0.0283203 0.046875
8.61719 8.29688 0.0283203 0.046875
8.64551 8.29688 0.0283203 0.046875
8.67383 8.25 0.0283203 0.046875
8.70215 8.25 0.0283203 0.046875
8.61719 8.34375 0.0283203 0.046875
8.64551 8.34375 0.0283203 0.046875
9.01367 7.82813 0.0283203 0.046875
9.04199 7.82813 0.0283203 0.046875
9.24023 7.54688 0.0283203 0.046875
9.26855 7.54688 0.0283203 0.046875
9.18359 7.64063 0.0283203 0.046875
9.21191 7.64063 0.0283203 0.046875
9.24023 7.59375 0.0283203 0.046875
9.26855 7.59375 0.0283203 0.046875
9.24023 7.64063 0.0283203 0.046875
9.26855 7.64063 0.0283203 0.046875
9.12695 7.6875 0.0283203 0.046875
9.15527 7.6875 0.0283203 0.046875
9.12695 7.73438 0.0283203 0.046875
9.15527 7.73438 0.0283203 0.046875
9.07031 7.78125 0.0283203 0.046875
9.09863 7.78125 0.0283203 0.046875
9.07031 7.82813 0.0283203 0.046875
9.09863 7.82813 0.0283203 0.046875
9.12695 7.78125 0.0283203 0.046875
9.15527 7.78125 0.0283203 0.046875
9.18359 7.6875 0.0283203 0.046875
9.21191 7.6875 0.0283203 0.046875
8.84375 8.01563 0.0283203 0.046875
8.87207 8.01563 0.0283203 0.046875
8.90039 7.96875 0.0283203 0.046875
8.92871 7.96875 0.0283203 0.046875
8.90039 8.01563 0.0283203 0.046875
8.92871 8.01563 0.0283203 0.046875
8.95703 7.875 0.0283203 0.046875
8.98535 7.875 0.0283203 0.046875
8.95703 7.92188 0.0283203 0.046875
8.98535 7.92188 0.0283203 0.046875
9.01367 7.875 0.0283203 0.046875
9.04199 7.875 0.0283203 0.046875
8.95703 7.96875 0.0283203 0.046875
8.98535 7.96875 0.0283203 0.046875
8.84375 8.0625 0.0283203 0.046875
8.87207 8.0625 0.0283203 0.046875
8.84375 8.10938 0.0283203 0.046875
8.87207 8.10938 0.0283203 0.046875
9.29688 7.5 0.0283203 0.046875
9.3252 7.5 0.0283203 0.046875
9.29688 7.54688 0.0283203 0.046875
9.3252 7.54688 0.0283203 0.046875
9.35352 7.5 0.0283203 0.046875
9.38184 7.5 0.0283203 0.046875
6.97461 9.70313 0.0283203 0.046875
7.00293 9.70313 0.0283203 0.046875
6.4082 10.0781 0.0283203 0.046875
6.43652 10.0781 0.0283203 0.046875
6.46484 10.0313 0.0283203 0.046875
6.49316 10.0313 0.0283203 0.046875
6.46484 10.0781 0.0283203 0.046875
6.49316 10.0781 0.0283203 0.046875
6.52148 10.0313 0.0283203 0.046875
6.5498 10.0313 0.0283203 0.046875
6.125 10.2656 0.0283203 0.046875
6.15332 10.2656 0.0283203 0.046875
6.18164 10.2188 0.0283203 0.046875
6.20996 10.2188 0.0283203 0.046875
6.18164 10.2656 0.0283203 0.046875
6.20996 10.2656 0.0283203 0.046875
6.23828 10.1719 0.0283203 0.046875
6.2666 10.1719 0.0283203 0.046875
6.29492 10.1719 0.0283203 0.046875
6.32324 10.1719 0.0283203 0.046875
6.23828 10.2188 0.0283203 0.046875
6.2666 10.2188 0.0283203 0.046875
6.125 10.3125 0.0283203 0.046875
6.15332 10.3125 0.0283203 0.046875
6.35156 10.125 0.0283203 0.046875
6.37988 10.125 0.0283203 0.046875
6.35156 10.1719 0.0283203 0.046875
6.37988 10.1719 0.0283203 0.046875
6.4082 10.125 0.0283203 0.046875
6.43652 10.125 0.0283203 0.046875
6.69141 9.89063 0.0283203 0.046875
6.71973 9.89063 0.0283203 0.046875
6.74805 9.84375 0.0283203 0.046875
6.77637 9.84375 0.0283203 0.046875
6.74805 9.89063 0.0283203 0.046875
6.77637 9.89063 0.0283203 0.046875
6.57813 9.98438 0.0283203 0.046875
6.60645 9.98438 0.0283203 0.046875
6.63477 9.9375 0.0283203 0.046875
6.66309 9.9375 0.0283203 0.046875
6.63477 9.98438 0.0283203 0.046875
6.66309 9.98438 0.0283203 0.046875
6.57813 10.0313 0.0283203 0.046875
6.60645 10.0313 0.0283203 0.046875
6.69141 9.9375 0.0283203 0.046875
6.71973 9.9375 0.0283203 0.046875
6.86133 9.79688 0.0283203 0.046875
6.88965 9.79688 0.0283203 0.046875
6.80469 9.84375 0.0283203 0.046875
6.83301 9.84375 0.0283203 0.046875
6.86133 9.84375 0.0283203 0.046875
6.88965 9.84375 0.0283203 0.046875
6.91797 9.75 0.0283203 0.046875
6.94629 9.75 0.0283203 0.046875
6.91797 9.79688 0.0283203 0.046875
6.94629 9.79688 0.0283203 0.046875
6.97461 9.75 0.0283203 0.046875
7.00293 9.75 0.0283203 0.046875
7.20117 9.51563 0.0283203 0.046875
7.22949 9.51563 0.0283203 0.046875
7.08789 9.60938 0.0283203 0.046875
7.11621 9.60938 0.0283203 0.046875
7.03125 9.65625 0.0283203 0.046875
7.05957 9.65625 0.0283203 0.046875
7.03125 9.70313 0.0283203 0.046875
7.05957 9.70313 0.0283203 0.046875
7.08789 9.65625 0.0283203 0.046875
7.11621 9.65625 0.0283203 0.046875
7.14453 9.5625 0.0283203 0.046875
7.17285 9.5625 0.0283203 0.046875
7.14453 9.60938 0.0283203 0.046875
7.17285 9.60938 0.0283203 0.046875
7.20117 9.5625 0.0283203 0.046875
7.22949 9.5625 0.0283203 0.046875
7.25781 9.46875 0.0283203 0.046875
7.28613 9.46875 0.0283203 0.046875
7.25781 9.51563 0.0283203 0.046875
7.28613 9.51563 0.0283203 0.046875
7.31445 9.46875 0.0283203 0.046875
7.34277 9.46875 0.0283203 0.046875
7.37109 9.42188 0.0283203 0.046875
7.39941 9.42188 0.0283203 0.046875
7.42773 9.375 0.0283203 0.046875
7.45605 9.375 0.0283203 0.046875
7.42773 9.42188 0.0283203 0.046875
7.45605 9.42188 0.0283203 0.046875
7.37109 9.46875 0.0283203 0.046875
7.39941 9.46875 0.0283203 0.046875
7.48438 9.32813 0.0283203 0.046875
7.5127 9.32813 0.0283203 0.046875
7.54102 9.28125 0.0283203 0.046875
7.56934 9.28125 0.0283203 0.046875
7.54102 9.32813 0.0283203 0.046875
7.56934 9.32813 0.0283203 0.046875
7.59766 9.23438 0.0283203 0.046875
7.62598 9.23438 0.0283203 0.046875
7.6543 9.1875 0.0283203 0.046875
7.68262 9.1875 0.0283203 0.046875
7.6543 9.23438 0.0283203 0.046875
7.68262 9.23438 0.0283203 0.046875
7.59766 9.28125 0.0283203 0.046875
7.62598 9.28125 0.0283203 0.046875
7.71094 9.14063 0.0283203 0.046875
7.73926 9.14063 0.0283203 0.046875
7.76758 9.09375 0.0283203 0.046875
7.7959 9.09375 0.0283203 0.046875
7.76758 9.14063 0.0283203 0.046875
7.7959 9.14063 0.0283203 0.046875
7.82422 9.04688 0.0283203 0.046875
7.85254 9.04688 0.0283203 0.046875
7.88086 9 0.0283203 0.046875
7.90918 9 0.0283203 0.046875
7.88086 9.04688 0.0283203 0.046875
7.90918 9.04688 0.0283203 0.046875
7.82422 9.09375 0.0283203 0.046875
7.85254 9.09375 0.0283203 0.046875
7.71094 9.1875 0.0283203 0.046875
7.73926 9.1875 0.0283203 0.046875
7.48438 9.375 0.0283203 0.046875
7.5127 9.375 0.0283203 0.046875
10.2598 5.95313 0.0283203 0.046875
10.2881 5.95313 0.0283203 0.046875
10.373 5.85938 0.0283203 0.046875
10.4014 5.85938 0.0283203 0.046875
10.3164 5.90625 0.0283203 0.046875
10.3447 5.90625 0.0283203 0.046875
10.3164 5.95313 0.0283203 0.046875
10.3447 5.95313 0.0283203 0.046875
10.373 5.90625 0.0283203 0.046875
10.4014 5.90625 0.0283203 0.046875
10.373 5.95313 0.0283203 0.046875
10.4014 5.95313 0.0283203 0.046875
10.4863 5.76563 0.0283203 0.046875
10.5146 5.76563 0.0283203 0.046875
10.543 5.67188 0.0283203 0.046875
10.5713 5.67188 0.0283203 0.046875
10.5996 5.625 0.0283203 0.046875
10.6279 5.625 0.0283203 0.046875
10.543 5.71875 0.0283203 0.046875
10.5713 5.71875 0.0283203 0.046875
10.4297 5.8125 0.0283203 0.046875
10.458 5.8125 0.0283203 0.046875
10.4297 5.85938 0.0283203 0.046875
10.458 5.85938 0.0283203 0.046875
10.4863 5.8125 0.0283203 0.046875
10.5146 5.8125 0.0283203 0.046875
10.4297 5.90625 0.0283203 0.046875
10.458 5.90625 0.0283203 0.046875
9.80664 6.32813 0.0283203 0.046875
9.83496 6.32813 0.0283203 0.046875
9.91992 6.23438 0.0283203 0.046875
9.94824 6.23438 0.0283203 0.046875
9.86328 6.28125 0.0283203 0.046875
9.8916 6.28125 0.0283203 0.046875
9.86328 6.32813 0.0283203 0.046875
9.8916 6.32813 0.0283203 0.046875
9.91992 6.28125 0.0283203 0.046875
9.94824 6.28125 0.0283203 0.046875
10.0332 6.14063 0.0283203 0.046875
10.0615 6.14063 0.0283203 0.046875
10.1465 6.04688 0.0283203 0.046875
10.1748 6.04688 0.0283203 0.046875
10.0898 6.09375 0.0283203 0.046875
10.1182 6.09375 0.0283203 0.046875
10.0898 6.14063 0.0283203 0.046875
10.1182 6.14063 0.0283203 0.046875
10.1465 6.09375 0.0283203 0.046875
10.1748 6.09375 0.0283203 0.046875
9.97656 6.1875 0.0283203 0.046875
10.0049 6.1875 0.0283203 0.046875
9.97656 6.23438 0.0283203 0.046875
10.0049 6.23438 0.0283203 0.046875
10.0332 6.1875 0.0283203 0.046875
10.0615 6.1875 0.0283203 0.046875
10.1465 6.28125 0.0283203 0.046875
10.1748 6.28125 0.0283203 0.046875
10.1465 6.32813 0.0283203 0.046875
10.1748 6.32813 0.0283203 0.046875
9.75 6.375 0.0283203 0.046875
9.77832 6.375 0.0283203 0.046875
9.75 6.42188 0.0283203 0.046875
9.77832 6.42188 0.0283203 0.046875
9.80664 6.375 0.0283203 0.046875
9.83496 6.375 0.0283203 0.046875
9.91992 6.65625 0.0283203 0.046875
9.94824 6.65625 0.0283203 0.046875
9.91992 6.70313 0.0283203 0.046875
9.94824 6.70313 0.0283203 0.046875
10.0332 6.46875 0.0283203 0.046875
10.0615 6.46875 0.0283203 0.046875
10.0332 6.51563 0.0283203 0.046875
10.0615 6.51563 0.0283203 0.046875
10.0898 6.375 0.0283203 0.046875
10.1182 6.375 0.0283203 0.046875
10.0898 6.42188 0.0283203 0.046875
10.1182 6.42188 0.0283203 0.046875
10.1465 6.375 0.0283203 0.046875
10.1748 6.375 0.0283203 0.046875
10.0898 6.46875 0.0283203 0.046875
10.1182 6.46875 0.0283203 0.046875
9.97656 6.5625 0.0283203 0.046875
10.0049 6.5625 0.0283203 0.046875
9.97656 6.60938 0.0283203 0.046875
10.0049 6.60938 0.0283203 0.046875
10.0332 6.5625 0.0283203 0.046875
10.0615 6.5625 0.0283203 0.046875
9.97656 6.65625 0.0283203 0.046875
10.0049 6.65625 0.0283203 0.046875
10.2031 6 0.0283203 0.046875
10.2314 6 0.0283203 0.046875
10.2031 6.04688 0.0283203 0.046875
10.2314 6.04688 0.0283203 0.046875
10.2598 6 0.0283203 0.046875
10.2881 6 0.0283203 0.046875
10.2598 6.09375 0.0283203 0.046875
10.2881 6.09375 0.0283203 0.046875
10.2598 6.14063 0.0283203 0.046875
10.2881 6.14063 0.0283203 0.046875
10.3164 6 0.0283203 0.046875
10.3447 6 0.0283203 0.046875
10.3164 6.04688 0.0283203 0.046875
10.3447 6.04688 0.0283203 0.046875
10.373 6 0.0283203 0.046875
10.4014 6 0.0283203 0.046875
10.3164 6.09375 0.0283203 0.046875
10.3447 6.09375 0.0283203 0.046875
10.2031 6.1875 0.0283203 0.046875
10.2314 6.1875 0.0283203 0.046875
10.2031 6.23438 0.0283203 0.046875
10.2314 6.23438 0.0283203 0.046875
10.2598 6.1875 0.0283203 0.046875
10.2881 6.1875 0.0283203 0.046875
10.2031 6.28125 0.0283203 0.046875
10.2314 6.28125 0.0283203 0.046875
9.80664 6.79688 0.0283203 0.046875
9.83496 6.79688 0.0283203 0.046875
9.75 6.89063 0.0283203 0.046875
9.77832 6.89063 0.0283203 0.046875
9.80664 6.84375 0.0283203 0.046875
9.83496 6.84375 0.0283203 0.046875
9.80664 6.89063 0.0283203 0.046875
9.83496 6.89063 0.0283203 0.046875
9.86328 6.75 0.0283203 0.046875
9.8916 6.75 0.0283203 0.046875
9.86328 6.79688 0.0283203 0.046875
9.8916 6.79688 0.0283203 0.046875
9.91992 6.75 0.0283203 0.046875
9.94824 6.75 0.0283203 0.046875
9.75 6.9375 0.0283203 0.046875
9.77832 6.9375 0.0283203 0.046875
9.75 6.98438 0.0283203 0.046875
9.77832 6.98438 0.0283203 0.046875
