-6.5625 4.5 0.226563 0.375
-6.33594 4.5 0.226563 0.375
-6.10938 4.875 0.226563 0.375
-5.88281 4.875 0.226563 0.375
-6.10938 5.25 0.226563 0.375
-5.88281 5.25 0.226563 0.375
-5.65625 5.625 0.226563 0.375
-5.42969 5.625 0.226563 0.375
-5.65625 6 0.226563 0.375
-5.42969 6 0.226563 0.375
-5.20313 6 0.226563 0.375
-4.97656 6 0.226563 0.375
-5.20313 6.375 0.226563 0.375
-4.97656 6.375 0.226563 0.375
-5.20313 6.75 0.226563 0.375
-4.97656 6.75 0.226563 0.375
-4.75 6.375 0.226563 0.375
-4.52344 6.375 0.226563 0.375
-4.29688 6.375 0.226563 0.375
-4.07031 6.375 0.226563 0.375
-4.75 6.75 0.226563 0.375
-4.52344 6.75 0.226563 0.375
-4.75 7.125 0.226563 0.375
-4.52344 7.125 0.226563 0.375
-4.29688 6.75 0.226563 0.375
-4.07031 6.75 0.226563 0.375
-3.84375 6.75 0.226563 0.375
-3.61719 6.75 0.226563 0.375
-3.84375 7.125 0.226563 0.375
-3.61719 7.125 0.226563 0.375
-3.39063 7.125 0.226563 0.375
-3.16406 7.125 0.226563 0.375
-4.75 7.5 0.226563 0.375
-4.52344 7.5 0.226563 0.375
-4.29688 7.5 0.226563 0.375
-4.07031 7.5 0.226563 0.375
-4.29688 7.875 0.226563 0.375
-4.07031 7.875 0.226563 0.375
-3.84375 7.875 0.226563 0.375
-3.61719 7.875 0.226563 0.375
-3.84375 8.25 0.226563 0.375
-3.61719 8.25 0.226563 0.375
-3.39063 8.25 0.226563 0.375
-3.16406 8.25 0.226563 0.375
-3.39063 8.625 0.226563 0.375
-3.16406 8.625 0.226563 0.375
-2.9375 7.125 0.226563 0.375
-2.71094 7.125 0.226563 0.375
-2.9375 7.5 0.226563 0.375
-2.71094 7.5 0.226563 0.375
-2.48438 7.5 0.226563 0.375
-2.25781 7.5 0.226563 0.375
-2.9375 8.625 0.226563 0.375
-2.71094 8.625 0.226563 0.375
-2.03125 7.5 0.226563 0.375
-1.80469 7.5 0.226563 0.375
-1.57813 7.5 0.226563 0.375
-1.35156 7.5 0.226563 0.375
-1.57813 7.875 0.226563 0.375
-1.35156 7.875 0.226563 0.375
-2.9375 9 0.226563 0.375
-2.71094 9 0.226563 0.375
-2.9375 9.375 0.226563 0.375
-2.71094 9.375 0.226563 0.375
-2.48438 9.375 0.226563 0.375
-2.25781 9.375 0.226563 0.375
-2.03125 9.375 0.226563 0.375
-1.80469 9.375 0.226563 0.375
-2.03125 9.75 0.226563 0.375
-1.80469 9.75 0.226563 0.375
-1.57813 9.75 0.226563 0.375
-1.35156 9.75 0.226563 0.375
-1.57813 10.125 0.226563 0.375
-1.35156 10.125 0.226563 0.375
-1.125 7.875 0.226563 0.375
-0.898438 7.875 0.226563 0.375
-0.671875 7.875 0.226563 0.375
-0.445313 7.875 0.226563 0.375
-0.21875 7.875 0.226563 0.375
0.0078125 7.875 0.226563 0.375
0.234375 7.875 0.226563 0.375
0.460938 7.875 0.226563 0.375
0.6875 7.875 0.226563 0.375
0.914063 7.875 0.226563 0.375
1.14063 7.5 0.226563 0.375
1.36719 7.5 0.226563 0.375
1.14063 7.875 0.226563 0.375
1.36719 7.875 0.226563 0.375
1.59375 7.5 0.226563 0.375
1.82031 7.5 0.226563 0.375
2.04688 7.5 0.226563 0.375
2.27344 7.5 0.226563 0.375
-1.125 10.125 0.226563 0.375
-0.898438 10.125 0.226563 0.375
-1.125 10.5 0.226563 0.375
-0.898438 10.5 0.226563 0.375
-0.671875 10.5 0.226563 0.375
-0.445313 10.5 0.226563 0.375
-0.21875 10.5 0.226563 0.375
0.0078125 10.5 0.226563 0.375
-0.21875 10.875 0.226563 0.375
0.0078125 10.875 0.226563 0.375
0.234375 10.875 0.226563 0.375
0.460938 10.875 0.226563 0.375
0.6875 10.875 0.226563 0.375
0.914063 10.875 0.226563 0.375
0.6875 11.25 0.226563 0.375
0.914063 11.25 0.226563 0.375
1.14063 11.25 0.226563 0.375
1.36719 11.25 0.226563 0.375
1.59375 11.25 0.226563 0.375
1.82031 11.25 0.226563 0.375
1.59375 11.625 0.226563 0.375
1.82031 11.625 0.226563 0.375
2.04688 11.625 0.226563 0.375
2.27344 11.625 0.226563 0.375
2.5 7.5 0.226563 0.375
2.72656 7.5 0.226563 0.375
2.95313 7.5 0.226563 0.375
3.17969 7.5 0.226563 0.375
3.40625 7.5 0.226563 0.375
3.63281 7.5 0.226563 0.375
3.40625 7.875 0.226563 0.375
3.63281 7.875 0.226563 0.375
3.85938 7.875 0.226563 0.375
4.08594 7.875 0.226563 0.375
4.3125 7.875 0.226563 0.375
4.53906 7.875 0.226563 0.375
4.76563 7.875 0.226563 0.375
4.99219 7.875 0.226563 0.375
5.21875 7.875 0.226563 0.375
5.44531 7.875 0.226563 0.375
5.67188 7.875 0.226563 0.375
5.89844 7.875 0.226563 0.375
2.5 11.625 0.226563 0.375
2.72656 11.625 0.226563 0.375
2.95313 11.25 0.226563 0.375
3.17969 11.25 0.226563 0.375
2.95313 11.625 0.226563 0.375
3.17969 11.625 0.226563 0.375
3.85938 10.875 0.226563 0.375
4.08594 10.875 0.226563 0.375
3.40625 11.25 0.226563 0.375
3.63281 11.25 0.226563 0.375
3.85938 11.25 0.226563 0.375
4.08594 11.25 0.226563 0.375
5.67188 10.125 0.226563 0.375
5.89844 10.125 0.226563 0.375
4.3125 10.875 0.226563 0.375
4.53906 10.875 0.226563 0.375
4.76563 10.5 0.226563 0.375
4.99219 10.5 0.226563 0.375
4.76563 10.875 0.226563 0.375
4.99219 10.875 0.226563 0.375
5.21875 10.5 0.226563 0.375
5.44531 10.5 0.226563 0.375
5.67188 10.5 0.226563 0.375
5.89844 10.5 0.226563 0.375
7.48438 7.125 0.226563 0.375
7.71094 7.125 0.226563 0.375
6.125 7.5 0.226563 0.375
6.35156 7.5 0.226563 0.375
6.125 7.875 0.226563 0.375
6.35156 7.875 0.226563 0.375
6.57813 7.5 0.226563 0.375
6.80469 7.5 0.226563 0.375
7.03125 7.5 0.226563 0.375
7.25781 7.5 0.226563 0.375
7.48438 7.5 0.226563 0.375
7.71094 7.5 0.226563 0.375
7.48438 8.625 0.226563 0.375
7.71094 8.625 0.226563 0.375
7.9375 7.125 0.226563 0.375
8.16406 7.125 0.226563 0.375
8.39063 6.75 0.226563 0.375
8.61719 6.75 0.226563 0.375
8.39063 7.125 0.226563 0.375
8.61719 7.125 0.226563 0.375
8.84375 6.375 0.226563 0.375
9.07031 6.375 0.226563 0.375
9.29688 6.375 0.226563 0.375
9.52344 6.375 0.226563 0.375
8.84375 6.75 0.226563 0.375
9.07031 6.75 0.226563 0.375
9.29688 6.75 0.226563 0.375
9.52344 6.75 0.226563 0.375
9.29688 7.125 0.226563 0.375
9.52344 7.125 0.226563 0.375
8.39063 7.875 0.226563 0.375
8.61719 7.875 0.226563 0.375
7.9375 8.25 0.226563 0.375
8.16406 8.25 0.226563 0.375
7.9375 8.625 0.226563 0.375
8.16406 8.625 0.226563 0.375
8.39063 8.25 0.226563 0.375
8.61719 8.25 0.226563 0.375
8.84375 7.5 0.226563 0.375
9.07031 7.5 0.226563 0.375
8.84375 7.875 0.226563 0.375
9.07031 7.875 0.226563 0.375
9.29688 7.5 0.226563 0.375
9.52344 7.5 0.226563 0.375
6.57813 9.375 0.226563 0.375
6.80469 9.375 0.226563 0.375
6.125 9.75 0.226563 0.375
6.35156 9.75 0.226563 0.375
6.125 10.125 0.226563 0.375
6.35156 10.125 0.226563 0.375
6.57813 9.75 0.226563 0.375
6.80469 9.75 0.226563 0.375
7.03125 9.375 0.226563 0.375
7.25781 9.375 0.226563 0.375
7.48438 9 0.226563 0.375
7.71094 9 0.226563 0.375
7.48438 9.375 0.226563 0.375
7.71094 9.375 0.226563 0.375
10.2031 5.625 0.226563 0.375
10.4297 5.625 0.226563 0.375
10.6563 4.875 0.226563 0.375
10.8828 4.875 0.226563 0.375
11.1094 4.5 0.226563 0.375
11.3359 4.5 0.226563 0.375
10.6563 5.25 0.226563 0.375
10.8828 5.25 0.226563 0.375
9.75 6 0.226563 0.375
9.97656 6 0.226563 0.375
9.75 6.375 0.226563 0.375
9.97656 6.375 0.226563 0.375
10.2031 6 0.226563 0.375
10.4297 6 0.226563 0.375
9.75 6.75 0.226563 0.375
9.97656 6.75 0.226563 0.375
