-5.65625 5.625 0.0566406 0.09375
-5.59961 5.625 0.0566406 0.09375
-5.65625 5.71875 0.0566406 0.09375
-5.59961 5.71875 0.0566406 0.09375
-5.54297 5.71875 0.0566406 0.09375
-5.48633 5.71875 0.0566406 0.09375
-5.54297 5.8125 0.0566406 0.09375
-5.48633 5.8125 0.0566406 0.09375
-5.54297 5.90625 0.0566406 0.09375
-5.48633 5.90625 0.0566406 0.09375
-5.42969 5.8125 0.0566406 0.09375
-5.37305 5.8125 0.0566406 0.09375
-5.42969 5.90625 0.0566406 0.09375
-5.37305 5.90625 0.0566406 0.09375
-5.31641 5.90625 0.0566406 0.09375
-5.25977 5.90625 0.0566406 0.09375
-5.42969 6 0.0566406 0.09375
-5.37305 6 0.0566406 0.09375
-5.42969 6.09375 0.0566406 0.09375
-5.37305 6.09375 0.0566406 0.09375
-5.31641 6 0.0566406 0.09375
-5.25977 6 0.0566406 0.09375
-5.31641 6.09375 0.0566406 0.09375
-5.25977 6.09375 0.0566406 0.09375
-5.31641 6.1875 0.0566406 0.09375
-5.25977 6.1875 0.0566406 0.09375
-5.31641 6.28125 0.0566406 0.09375
-5.25977 6.28125 0.0566406 0.09375
-5.20313 6 0.0566406 0.09375
-5.14648 6 0.0566406 0.09375
-5.20313 6.09375 0.0566406 0.09375
-5.14648 6.09375 0.0566406 0.09375
-5.08984 6.09375 0.0566406 0.09375
-5.0332 6.09375 0.0566406 0.09375
-5.20313 6.28125 0.0566406 0.09375
-5.14648 6.28125 0.0566406 0.09375
-5.08984 6.1875 0.0566406 0.09375
-5.0332 6.1875 0.0566406 0.09375
-4.97656 6.1875 0.0566406 0.09375
-4.91992 6.1875 0.0566406 0.09375
-4.97656 6.28125 0.0566406 0.09375
-4.91992 6.28125 0.0566406 0.09375
-4.86328 6.28125 0.0566406 0.09375
-4.80664 6.28125 0.0566406 0.09375
-5.20313 6.375 0.0566406 0.09375
-5.14648 6.375 0.0566406 0.09375
-5.20313 6.46875 0.0566406 0.09375
-5.14648 6.46875 0.0566406 0.09375
-5.08984 6.46875 0.0566406 0.09375
-5.0332 6.46875 0.0566406 0.09375
-5.08984 6.5625 0.0566406 0.09375
-5.0332 6.5625 0.0566406 0.09375
-5.08984 6.65625 0.0566406 0.09375
-5.0332 6.65625 0.0566406 0.09375
-4.86328 6.375 0.0566406 0.09375
-4.80664 6.375 0.0566406 0.09375
-4.97656 6.65625 0.0566406 0.09375
-4.91992 6.65625 0.0566406 0.09375
-4.97656 6.75 0.0566406 0.09375
-4.91992 6.75 0.0566406 0.09375
-4.86328 6.75 0.0566406 0.09375
-4.80664 6.75 0.0566406 0.09375
-4.86328 6.84375 0.0566406 0.09375
-4.80664 6.84375 0.0566406 0.09375
-4.86328 6.9375 0.0566406 0.09375
-4.80664 6.9375 0.0566406 0.09375
-4.75 6.375 0.0566406 0.09375
-4.69336 6.375 0.0566406 0.09375
-4.75 6.46875 0.0566406 0.09375
-4.69336 6.46875 0.0566406 0.09375
-4.63672 6.46875 0.0566406 0.09375
-4.58008 6.46875 0.0566406 0.09375
-4.63672 6.5625 0.0566406 0.09375
-4.58008 6.5625 0.0566406 0.09375
-4.52344 6.5625 0.0566406 0.09375
-4.4668 6.5625 0.0566406 0.09375
-4.52344 6.65625 0.0566406 0.09375
-4.4668 6.65625 0.0566406 0.09375
-4.41016 6.65625 0.0566406 0.09375
-4.35352 6.65625 0.0566406 0.09375
-4.29688 6.65625 0.0566406 0.09375
-4.24023 6.65625 0.0566406 0.09375
-4.75 6.9375 0.0566406 0.09375
-4.69336 6.9375 0.0566406 0.09375
-4.75 7.03125 0.0566406 0.09375
-4.69336 7.03125 0.0566406 0.09375
-4.75 7.125 0.0566406 0.09375
-4.69336 7.125 0.0566406 0.09375
-4.63672 7.125 0.0566406 0.09375
-4.58008 7.125 0.0566406 0.09375
-4.63672 7.21875 0.0566406 0.09375
-4.58008 7.21875 0.0566406 0.09375
-4.52344 7.21875 0.0566406 0.09375
-4.4668 7.21875 0.0566406 0.09375
-4.52344 7.3125 0.0566406 0.09375
-4.4668 7.3125 0.0566406 0.09375
-4.52344 7.40625 0.0566406 0.09375
-4.4668 7.40625 0.0566406 0.09375
-4.41016 7.40625 0.0566406 0.09375
-4.35352 7.40625 0.0566406 0.09375
-4.29688 6.75 0.0566406 0.09375
-4.24023 6.75 0.0566406 0.09375
-4.18359 6.75 0.0566406 0.09375
-4.12695 6.75 0.0566406 0.09375
-4.18359 6.84375 0.0566406 0.09375
-4.12695 6.84375 0.0566406 0.09375
-4.07031 6.84375 0.0566406 0.09375
-4.01367 6.84375 0.0566406 0.09375
-4.07031 6.9375 0.0566406 0.09375
-4.01367 6.9375 0.0566406 0.09375
-3.95703 6.9375 0.0566406 0.09375
-3.90039 6.9375 0.0566406 0.09375
-3.84375 6.9375 0.0566406 0.09375
-3.78711 6.9375 0.0566406 0.09375
-3.84375 7.03125 0.0566406 0.09375
-3.78711 7.03125 0.0566406 0.09375
-3.73047 7.03125 0.0566406 0.09375
-3.67383 7.03125 0.0566406 0.09375
-3.73047 7.125 0.0566406 0.09375
-3.67383 7.125 0.0566406 0.09375
-3.61719 7.125 0.0566406 0.09375
-3.56055 7.125 0.0566406 0.09375
-3.50391 7.125 0.0566406 0.09375
-3.44727 7.125 0.0566406 0.09375
-3.50391 7.21875 0.0566406 0.09375
-3.44727 7.21875 0.0566406 0.09375
-3.39063 7.21875 0.0566406 0.09375
-3.33398 7.21875 0.0566406 0.09375
-3.27734 7.21875 0.0566406 0.09375
-3.2207 7.21875 0.0566406 0.09375
-3.27734 7.3125 0.0566406 0.09375
-3.2207 7.3125 0.0566406 0.09375
-3.16406 7.3125 0.0566406 0.09375
-3.10742 7.3125 0.0566406 0.09375
-3.05078 7.3125 0.0566406 0.09375
-2.99414 7.3125 0.0566406 0.09375
-3.05078 7.40625 0.0566406 0.09375
-2.99414 7.40625 0.0566406 0.09375
-4.41016 7.5 0.0566406 0.09375
-4.35352 7.5 0.0566406 0.09375
-4.29688 7.5 0.0566406 0.09375
-4.24023 7.5 0.0566406 0.09375
-4.29688 7.59375 0.0566406 0.09375
-4.24023 7.59375 0.0566406 0.09375
-4.29688 7.6875 0.0566406 0.09375
-4.24023 7.6875 0.0566406 0.09375
-4.18359 7.6875 0.0566406 0.09375
-4.12695 7.6875 0.0566406 0.09375
-4.18359 7.78125 0.0566406 0.09375
-4.12695 7.78125 0.0566406 0.09375
-4.07031 7.78125 0.0566406 0.09375
-4.01367 7.78125 0.0566406 0.09375
-4.07031 7.875 0.0566406 0.09375
-4.01367 7.875 0.0566406 0.09375
-4.07031 7.96875 0.0566406 0.09375
-4.01367 7.96875 0.0566406 0.09375
-3.95703 7.96875 0.0566406 0.09375
-3.90039 7.96875 0.0566406 0.09375
-3.95703 8.0625 0.0566406 0.09375
-3.90039 8.0625 0.0566406 0.09375
-3.84375 8.0625 0.0566406 0.09375
-3.78711 8.0625 0.0566406 0.09375
-3.84375 8.15625 0.0566406 0.09375
-3.78711 8.15625 0.0566406 0.09375
-3.73047 8.15625 0.0566406 0.09375
-3.67383 8.15625 0.0566406 0.09375
-3.73047 8.25 0.0566406 0.09375
-3.67383 8.25 0.0566406 0.09375
-3.73047 8.34375 0.0566406 0.09375
-3.67383 8.34375 0.0566406 0.09375
-3.61719 8.34375 0.0566406 0.09375
-3.56055 8.34375 0.0566406 0.09375
-3.61719 8.4375 0.0566406 0.09375
-3.56055 8.4375 0.0566406 0.09375
-3.50391 8.4375 0.0566406 0.09375
-3.44727 8.4375 0.0566406 0.09375
-3.50391 8.53125 0.0566406 0.09375
-3.44727 8.53125 0.0566406 0.09375
-3.39063 8.53125 0.0566406 0.09375
-3.33398 8.53125 0.0566406 0.09375
-3.39063 8.625 0.0566406 0.09375
-3.33398 8.625 0.0566406 0.09375
-3.27734 8.625 0.0566406 0.09375
-3.2207 8.625 0.0566406 0.09375
-3.27734 8.71875 0.0566406 0.09375
-3.2207 8.71875 0.0566406 0.09375
-3.16406 8.71875 0.0566406 0.09375
-3.10742 8.71875 0.0566406 0.09375
-3.16406 8.8125 0.0566406 0.09375
-3.10742 8.8125 0.0566406 0.09375
-3.05078 8.8125 0.0566406 0.09375
-2.99414 8.8125 0.0566406 0.09375
-3.05078 8.90625 0.0566406 0.09375
-2.99414 8.90625 0.0566406 0.09375
-2.9375 7.40625 0.0566406 0.09375
-2.88086 7.40625 0.0566406 0.09375
-2.82422 7.40625 0.0566406 0.09375
-2.76758 7.40625 0.0566406 0.09375
-2.82422 7.5 0.0566406 0.09375
-2.76758 7.5 0.0566406 0.09375
-2.71094 7.5 0.0566406 0.09375
-2.6543 7.5 0.0566406 0.09375
-2.59766 7.5 0.0566406 0.09375
-2.54102 7.5 0.0566406 0.09375
-2.59766 7.59375 0.0566406 0.09375
-2.54102 7.59375 0.0566406 0.09375
-2.48438 7.59375 0.0566406 0.09375
-2.42773 7.59375 0.0566406 0.09375
-2.37109 7.59375 0.0566406 0.09375
-2.31445 7.59375 0.0566406 0.09375
-2.25781 7.59375 0.0566406 0.09375
-2.20117 7.59375 0.0566406 0.09375
-2.25781 7.6875 0.0566406 0.09375
-2.20117 7.6875 0.0566406 0.09375
-2.14453 7.6875 0.0566406 0.09375
-2.08789 7.6875 0.0566406 0.09375
-2.9375 8.90625 0.0566406 0.09375
-2.88086 8.90625 0.0566406 0.09375
-2.03125 7.6875 0.0566406 0.09375
-1.97461 7.6875 0.0566406 0.09375
-1.91797 7.6875 0.0566406 0.09375
-1.86133 7.6875 0.0566406 0.09375
-1.91797 7.78125 0.0566406 0.09375
-1.86133 7.78125 0.0566406 0.09375
-1.80469 7.78125 0.0566406 0.09375
-1.74805 7.78125 0.0566406 0.09375
-1.69141 7.78125 0.0566406 0.09375
-1.63477 7.78125 0.0566406 0.09375
-1.57813 7.78125 0.0566406 0.09375
-1.52148 7.78125 0.0566406 0.09375
-1.46484 7.78125 0.0566406 0.09375
-1.4082 7.78125 0.0566406 0.09375
-1.46484 7.875 0.0566406 0.09375
-1.4082 7.875 0.0566406 0.09375
-1.35156 7.875 0.0566406 0.09375
-1.29492 7.875 0.0566406 0.09375
-1.23828 7.875 0.0566406 0.09375
-1.18164 7.875 0.0566406 0.09375
-2.9375 9 0.0566406 0.09375
-2.88086 9 0.0566406 0.09375
-2.9375 9.09375 0.0566406 0.09375
-2.88086 9.09375 0.0566406 0.09375
-2.82422 9.09375 0.0566406 0.09375
-2.76758 9.09375 0.0566406 0.09375
-2.82422 9.1875 0.0566406 0.09375
-2.76758 9.1875 0.0566406 0.09375
-2.71094 9.1875 0.0566406 0.09375
-2.6543 9.1875 0.0566406 0.09375
-2.71094 9.28125 0.0566406 0.09375
-2.6543 9.28125 0.0566406 0.09375
-2.59766 9.28125 0.0566406 0.09375
-2.54102 9.28125 0.0566406 0.09375
-2.59766 9.375 0.0566406 0.09375
-2.54102 9.375 0.0566406 0.09375
-2.48438 9.375 0.0566406 0.09375
-2.42773 9.375 0.0566406 0.09375
-2.48438 9.46875 0.0566406 0.09375
-2.42773 9.46875 0.0566406 0.09375
-2.37109 9.46875 0.0566406 0.09375
-2.31445 9.46875 0.0566406 0.09375
-2.25781 9.46875 0.0566406 0.09375
-2.20117 9.46875 0.0566406 0.09375
-2.25781 9.5625 0.0566406 0.09375
-2.20117 9.5625 0.0566406 0.09375
-2.14453 9.5625 0.0566406 0.09375
-2.08789 9.5625 0.0566406 0.09375
-2.14453 9.65625 0.0566406 0.09375
-2.08789 9.65625 0.0566406 0.09375
-2.03125 9.65625 0.0566406 0.09375
-1.97461 9.65625 0.0566406 0.09375
-2.03125 9.75 0.0566406 0.09375
-1.97461 9.75 0.0566406 0.09375
-1.91797 9.75 0.0566406 0.09375
-1.86133 9.75 0.0566406 0.09375
-1.91797 9.84375 0.0566406 0.09375
-1.86133 9.84375 0.0566406 0.09375
-1.80469 9.84375 0.0566406 0.09375
-1.74805 9.84375 0.0566406 0.09375
-1.80469 9.9375 0.0566406 0.09375
-1.74805 9.9375 0.0566406 0.09375
-1.69141 9.9375 0.0566406 0.09375
-1.63477 9.9375 0.0566406 0.09375
-1.69141 10.0313 0.0566406 0.09375
-1.63477 10.0313 0.0566406 0.09375
-1.57813 10.0313 0.0566406 0.09375
-1.52148 10.0313 0.0566406 0.09375
-1.46484 10.0313 0.0566406 0.09375
-1.4082 10.0313 0.0566406 0.09375
-1.46484 10.125 0.0566406 0.09375
-1.4082 10.125 0.0566406 0.09375
-1.35156 10.125 0.0566406 0.09375
-1.29492 10.125 0.0566406 0.09375
-1.35156 10.2188 0.0566406 0.09375
-1.29492 10.2188 0.0566406 0.09375
-1.23828 10.2188 0.0566406 0.09375
-1.18164 10.2188 0.0566406 0.09375
-1.23828 10.3125 0.0566406 0.09375
-1.18164 10.3125 0.0566406 0.09375
-1.125 7.875 0.0566406 0.09375
-1.06836 7.875 0.0566406 0.09375
-1.01172 7.875 0.0566406 0.09375
-0.955078 7.875 0.0566406 0.09375
-0.898438 7.875 0.0566406 0.09375
-0.841797 7.875 0.0566406 0.09375
-0.785156 7.875 0.0566406 0.09375
-0.728516 7.875 0.0566406 0.09375
-0.785156 7.96875 0.0566406 0.09375
-0.728516 7.96875 0.0566406 0.09375
-0.671875 7.96875 0.0566406 0.09375
-0.615234 7.96875 0.0566406 0.09375
-0.558594 7.96875 0.0566406 0.09375
-0.501953 7.96875 0.0566406 0.09375
-0.445313 7.96875 0.0566406 0.09375
-0.388672 7.96875 0.0566406 0.09375
-0.332031 7.96875 0.0566406 0.09375
-0.275391 7.96875 0.0566406 0.09375
-0.21875 7.96875 0.0566406 0.09375
-0.162109 7.96875 0.0566406 0.09375
-0.105469 7.96875 0.0566406 0.09375
-0.0488281 7.96875 0.0566406 0.09375
0.0078125 7.96875 0.0566406 0.09375
0.0644531 7.96875 0.0566406 0.09375
0.121094 7.96875 0.0566406 0.09375
0.177734 7.96875 0.0566406 0.09375
0.234375 7.96875 0.0566406 0.09375
0.291016 7.96875 0.0566406 0.09375
0.347656 7.96875 0.0566406 0.09375
0.404297 7.96875 0.0566406 0.09375
0.460938 7.96875 0.0566406 0.09375
0.517578 7.96875 0.0566406 0.09375
0.574219 7.96875 0.0566406 0.09375
0.630859 7.96875 0.0566406 0.09375
0.6875 7.875 0.0566406 0.09375
0.744141 7.875 0.0566406 0.09375
0.6875 7.96875 0.0566406 0.09375
0.744141 7.96875 0.0566406 0.09375
0.800781 7.875 0.0566406 0.09375
0.857422 7.875 0.0566406 0.09375
0.914063 7.875 0.0566406 0.09375
0.970703 7.875 0.0566406 0.09375
1.02734 7.875 0.0566406 0.09375
1.08398 7.875 0.0566406 0.09375
1.36719 7.78125 0.0566406 0.09375
1.42383 7.78125 0.0566406 0.09375
1.48047 7.78125 0.0566406 0.09375
1.53711 7.78125 0.0566406 0.09375
1.14063 7.875 0.0566406 0.09375
1.19727 7.875 0.0566406 0.09375
1.25391 7.875 0.0566406 0.09375
1.31055 7.875 0.0566406 0.09375
1.36719 7.875 0.0566406 0.09375
1.42383 7.875 0.0566406 0.09375
1.59375 7.78125 0.0566406 0.09375
1.65039 7.78125 0.0566406 0.09375
1.70703 7.78125 0.0566406 0.09375
1.76367 7.78125 0.0566406 0.09375
1.82031 7.6875 0.0566406 0.09375
1.87695 7.6875 0.0566406 0.09375
1.82031 7.78125 0.0566406 0.09375
1.87695 7.78125 0.0566406 0.09375
1.93359 7.6875 0.0566406 0.09375
1.99023 7.6875 0.0566406 0.09375
2.16016 7.59375 0.0566406 0.09375
2.2168 7.59375 0.0566406 0.09375
2.04688 7.6875 0.0566406 0.09375
2.10352 7.6875 0.0566406 0.09375
2.16016 7.6875 0.0566406 0.09375
2.2168 7.6875 0.0566406 0.09375
2.27344 7.59375 0.0566406 0.09375
2.33008 7.59375 0.0566406 0.09375
2.38672 7.59375 0.0566406 0.09375
2.44336 7.59375 0.0566406 0.09375
-1.125 10.3125 0.0566406 0.09375
-1.06836 10.3125 0.0566406 0.09375
-1.01172 10.3125 0.0566406 0.09375
-0.955078 10.3125 0.0566406 0.09375
-1.01172 10.4063 0.0566406 0.09375
-0.955078 10.4063 0.0566406 0.09375
-0.898438 10.4063 0.0566406 0.09375
-0.841797 10.4063 0.0566406 0.09375
-0.898438 10.5 0.0566406 0.09375
-0.841797 10.5 0.0566406 0.09375
-0.785156 10.5 0.0566406 0.09375
-0.728516 10.5 0.0566406 0.09375
-0.671875 10.5 0.0566406 0.09375
-0.615234 10.5 0.0566406 0.09375
-0.671875 10.5938 0.0566406 0.09375
-0.615234 10.5938 0.0566406 0.09375
-0.558594 10.5938 0.0566406 0.09375
-0.501953 10.5938 0.0566406 0.09375
-0.558594 10.6875 0.0566406 0.09375
-0.501953 10.6875 0.0566406 0.09375
-0.445313 10.6875 0.0566406 0.09375
-0.388672 10.6875 0.0566406 0.09375
-0.332031 10.6875 0.0566406 0.09375
-0.275391 10.6875 0.0566406 0.09375
-0.332031 10.7813 0.0566406 0.09375
-0.275391 10.7813 0.0566406 0.09375
-0.21875 10.7813 0.0566406 0.09375
-0.162109 10.7813 0.0566406 0.09375
-0.105469 10.7813 0.0566406 0.09375
-0.0488281 10.7813 0.0566406 0.09375
-0.105469 10.875 0.0566406 0.09375
-0.0488281 10.875 0.0566406 0.09375
0.0078125 10.875 0.0566406 0.09375
0.0644531 10.875 0.0566406 0.09375
0.121094 10.875 0.0566406 0.09375
0.177734 10.875 0.0566406 0.09375
0.121094 10.9688 0.0566406 0.09375
0.177734 10.9688 0.0566406 0.09375
0.234375 10.9688 0.0566406 0.09375
0.291016 10.9688 0.0566406 0.09375
0.347656 10.9688 0.0566406 0.09375
0.404297 10.9688 0.0566406 0.09375
0.347656 11.0625 0.0566406 0.09375
0.404297 11.0625 0.0566406 0.09375
0.460938 11.0625 0.0566406 0.09375
0.517578 11.0625 0.0566406 0.09375
0.574219 11.0625 0.0566406 0.09375
0.630859 11.0625 0.0566406 0.09375
0.574219 11.1563 0.0566406 0.09375
0.630859 11.1563 0.0566406 0.09375
0.6875 11.1563 0.0566406 0.09375
0.744141 11.1563 0.0566406 0.09375
0.800781 11.1563 0.0566406 0.09375
0.857422 11.1563 0.0566406 0.09375
0.800781 11.25 0.0566406 0.09375
0.857422 11.25 0.0566406 0.09375
0.914063 11.25 0.0566406 0.09375
0.970703 11.25 0.0566406 0.09375
1.02734 11.25 0.0566406 0.09375
1.08398 11.25 0.0566406 0.09375
1.02734 11.3438 0.0566406 0.09375
1.08398 11.3438 0.0566406 0.09375
1.14063 11.3438 0.0566406 0.09375
1.19727 11.3438 0.0566406 0.09375
1.25391 11.3438 0.0566406 0.09375
1.31055 11.3438 0.0566406 0.09375
1.36719 11.3438 0.0566406 0.09375
1.42383 11.3438 0.0566406 0.09375
1.36719 11.4375 0.0566406 0.09375
1.42383 11.4375 0.0566406 0.09375
1.48047 11.4375 0.0566406 0.09375
1.53711 11.4375 0.0566406 0.09375
1.59375 11.4375 0.0566406 0.09375
1.65039 11.4375 0.0566406 0.09375
1.59375 11.5313 0.0566406 0.09375
1.65039 11.5313 0.0566406 0.09375
1.70703 11.5313 0.0566406 0.09375
1.76367 11.5313 0.0566406 0.09375
1.82031 11.5313 0.0566406 0.09375
1.87695 11.5313 0.0566406 0.09375
1.93359 11.5313 0.0566406 0.09375
1.99023 11.5313 0.0566406 0.09375
1.93359 11.625 0.0566406 0.09375
1.99023 11.625 0.0566406 0.09375
2.04688 11.625 0.0566406 0.09375
2.10352 11.625 0.0566406 0.09375
2.16016 11.625 0.0566406 0.09375
2.2168 11.625 0.0566406 0.09375
2.27344 11.625 0.0566406 0.09375
2.33008 11.625 0.0566406 0.09375
2.38672 11.625 0.0566406 0.09375
2.44336 11.625 0.0566406 0.09375
2.38672 11.7188 0.0566406 0.09375
2.44336 11.7188 0.0566406 0.09375
2.5 7.59375 0.0566406 0.09375
2.55664 7.59375 0.0566406 0.09375
2.61328 7.59375 0.0566406 0.09375
2.66992 7.59375 0.0566406 0.09375
2.72656 7.59375 0.0566406 0.09375
2.7832 7.59375 0.0566406 0.09375
2.72656 7.6875 0.0566406 0.09375
2.7832 7.6875 0.0566406 0.09375
2.83984 7.6875 0.0566406 0.09375
2.89648 7.6875 0.0566406 0.09375
2.95313 7.6875 0.0566406 0.09375
3.00977 7.6875 0.0566406 0.09375
3.06641 7.6875 0.0566406 0.09375
3.12305 7.6875 0.0566406 0.09375
3.06641 7.78125 0.0566406 0.09375
3.12305 7.78125 0.0566406 0.09375
3.17969 7.78125 0.0566406 0.09375
3.23633 7.78125 0.0566406 0.09375
3.29297 7.78125 0.0566406 0.09375
3.34961 7.78125 0.0566406 0.09375
3.40625 7.78125 0.0566406 0.09375
3.46289 7.78125 0.0566406 0.09375
3.51953 7.78125 0.0566406 0.09375
3.57617 7.78125 0.0566406 0.09375
3.51953 7.875 0.0566406 0.09375
3.57617 7.875 0.0566406 0.09375
3.63281 7.875 0.0566406 0.09375
3.68945 7.875 0.0566406 0.09375
3.74609 7.875 0.0566406 0.09375
3.80273 7.875 0.0566406 0.09375
3.85938 7.875 0.0566406 0.09375
3.91602 7.875 0.0566406 0.09375
3.97266 7.875 0.0566406 0.09375
4.0293 7.875 0.0566406 0.09375
4.08594 7.875 0.0566406 0.09375
4.14258 7.875 0.0566406 0.09375
4.19922 7.875 0.0566406 0.09375
4.25586 7.875 0.0566406 0.09375
4.19922 7.96875 0.0566406 0.09375
4.25586 7.96875 0.0566406 0.09375
4.3125 7.96875 0.0566406 0.09375
4.36914 7.96875 0.0566406 0.09375
4.42578 7.96875 0.0566406 0.09375
4.48242 7.96875 0.0566406 0.09375
4.53906 7.96875 0.0566406 0.09375
4.5957 7.96875 0.0566406 0.09375
4.65234 7.96875 0.0566406 0.09375
4.70898 7.96875 0.0566406 0.09375
4.76563 7.96875 0.0566406 0.09375
4.82227 7.96875 0.0566406 0.09375
4.87891 7.96875 0.0566406 0.09375
4.93555 7.96875 0.0566406 0.09375
4.99219 7.96875 0.0566406 0.09375
5.04883 7.96875 0.0566406 0.09375
5.10547 7.96875 0.0566406 0.09375
5.16211 7.96875 0.0566406 0.09375
5.21875 7.96875 0.0566406 0.09375
5.27539 7.96875 0.0566406 0.09375
5.33203 7.96875 0.0566406 0.09375
5.38867 7.96875 0.0566406 0.09375
5.44531 7.96875 0.0566406 0.09375
5.50195 7.96875 0.0566406 0.09375
5.55859 7.96875 0.0566406 0.09375
5.61523 7.96875 0.0566406 0.09375
5.67188 7.875 0.0566406 0.09375
5.72852 7.875 0.0566406 0.09375
5.67188 7.96875 0.0566406 0.09375
5.72852 7.96875 0.0566406 0.09375
5.78516 7.875 0.0566406 0.09375
5.8418 7.875 0.0566406 0.09375
5.89844 7.875 0.0566406 0.09375
5.95508 7.875 0.0566406 0.09375
6.01172 7.875 0.0566406 0.09375
6.06836 7.875 0.0566406 0.09375
2.5 11.625 0.0566406 0.09375
2.55664 11.625 0.0566406 0.09375
2.5 11.7188 0.0566406 0.09375
2.55664 11.7188 0.0566406 0.09375
2.61328 11.625 0.0566406 0.09375
2.66992 11.625 0.0566406 0.09375
2.72656 11.625 0.0566406 0.09375
2.7832 11.625 0.0566406 0.09375
2.83984 11.625 0.0566406 0.09375
2.89648 11.625 0.0566406 0.09375
2.95313 11.5313 0.0566406 0.09375
3.00977 11.5313 0.0566406 0.09375
3.06641 11.5313 0.0566406 0.09375
3.12305 11.5313 0.0566406 0.09375
3.17969 11.5313 0.0566406 0.09375
3.23633 11.5313 0.0566406 0.09375
3.29297 11.4375 0.0566406 0.09375
3.34961 11.4375 0.0566406 0.09375
3.29297 11.5313 0.0566406 0.09375
3.34961 11.5313 0.0566406 0.09375
2.95313 11.625 0.0566406 0.09375
3.00977 11.625 0.0566406 0.09375
4.08594 11.1563 0.0566406 0.09375
4.14258 11.1563 0.0566406 0.09375
4.19922 11.1563 0.0566406 0.09375
4.25586 11.1563 0.0566406 0.09375
3.51953 11.3438 0.0566406 0.09375
3.57617 11.3438 0.0566406 0.09375
3.40625 11.4375 0.0566406 0.09375
3.46289 11.4375 0.0566406 0.09375
3.51953 11.4375 0.0566406 0.09375
3.57617 11.4375 0.0566406 0.09375
3.63281 11.3438 0.0566406 0.09375
3.68945 11.3438 0.0566406 0.09375
3.74609 11.3438 0.0566406 0.09375
3.80273 11.3438 0.0566406 0.09375
3.85938 11.25 0.0566406 0.09375
3.91602 11.25 0.0566406 0.09375
3.85938 11.3438 0.0566406 0.09375
3.91602 11.3438 0.0566406 0.09375
3.97266 11.25 0.0566406 0.09375
4.0293 11.25 0.0566406 0.09375
4.08594 11.25 0.0566406 0.09375
4.14258 11.25 0.0566406 0.09375
5.78516 10.4063 0.0566406 0.09375
5.8418 10.4063 0.0566406 0.09375
5.89844 10.3125 0.0566406 0.09375
5.95508 10.3125 0.0566406 0.09375
5.89844 10.4063 0.0566406 0.09375
5.95508 10.4063 0.0566406 0.09375
6.01172 10.3125 0.0566406 0.09375
6.06836 10.3125 0.0566406 0.09375
4.3125 11.0625 0.0566406 0.09375
4.36914 11.0625 0.0566406 0.09375
4.3125 11.1563 0.0566406 0.09375
4.36914 11.1563 0.0566406 0.09375
4.42578 11.0625 0.0566406 0.09375
4.48242 11.0625 0.0566406 0.09375
4.53906 10.9688 0.0566406 0.09375
4.5957 10.9688 0.0566406 0.09375
4.65234 10.9688 0.0566406 0.09375
4.70898 10.9688 0.0566406 0.09375
4.53906 11.0625 0.0566406 0.09375
4.5957 11.0625 0.0566406 0.09375
4.99219 10.7813 0.0566406 0.09375
5.04883 10.7813 0.0566406 0.09375
5.10547 10.7813 0.0566406 0.09375
5.16211 10.7813 0.0566406 0.09375
4.76563 10.875 0.0566406 0.09375
4.82227 10.875 0.0566406 0.09375
4.76563 10.9688 0.0566406 0.09375
4.82227 10.9688 0.0566406 0.09375
4.87891 10.875 0.0566406 0.09375
4.93555 10.875 0.0566406 0.09375
4.99219 10.875 0.0566406 0.09375
5.04883 10.875 0.0566406 0.09375
5.21875 10.6875 0.0566406 0.09375
5.27539 10.6875 0.0566406 0.09375
5.21875 10.7813 0.0566406 0.09375
5.27539 10.7813 0.0566406 0.09375
5.33203 10.6875 0.0566406 0.09375
5.38867 10.6875 0.0566406 0.09375
5.44531 10.5938 0.0566406 0.09375
5.50195 10.5938 0.0566406 0.09375
5.55859 10.5 0.0566406 0.09375
5.61523 10.5 0.0566406 0.09375
5.55859 10.5938 0.0566406 0.09375
5.61523 10.5938 0.0566406 0.09375
5.44531 10.6875 0.0566406 0.09375
5.50195 10.6875 0.0566406 0.09375
5.67188 10.5 0.0566406 0.09375
5.72852 10.5 0.0566406 0.09375
5.78516 10.5 0.0566406 0.09375
5.8418 10.5 0.0566406 0.09375
7.71094 7.40625 0.0566406 0.09375
7.76758 7.40625 0.0566406 0.09375
7.82422 7.40625 0.0566406 0.09375
7.88086 7.40625 0.0566406 0.09375
6.35156 7.78125 0.0566406 0.09375
6.4082 7.78125 0.0566406 0.09375
6.46484 7.78125 0.0566406 0.09375
6.52148 7.78125 0.0566406 0.09375
6.125 7.875 0.0566406 0.09375
6.18164 7.875 0.0566406 0.09375
6.23828 7.875 0.0566406 0.09375
6.29492 7.875 0.0566406 0.09375
6.35156 7.875 0.0566406 0.09375
6.4082 7.875 0.0566406 0.09375
6.57813 7.78125 0.0566406 0.09375
6.63477 7.78125 0.0566406 0.09375
6.69141 7.78125 0.0566406 0.09375
6.74805 7.78125 0.0566406 0.09375
6.80469 7.6875 0.0566406 0.09375
6.86133 7.6875 0.0566406 0.09375
6.80469 7.78125 0.0566406 0.09375
6.86133 7.78125 0.0566406 0.09375
6.91797 7.6875 0.0566406 0.09375
6.97461 7.6875 0.0566406 0.09375
7.14453 7.59375 0.0566406 0.09375
7.20117 7.59375 0.0566406 0.09375
7.03125 7.6875 0.0566406 0.09375
7.08789 7.6875 0.0566406 0.09375
7.14453 7.6875 0.0566406 0.09375
7.20117 7.6875 0.0566406 0.09375
7.25781 7.59375 0.0566406 0.09375
7.31445 7.59375 0.0566406 0.09375
7.37109 7.59375 0.0566406 0.09375
7.42773 7.59375 0.0566406 0.09375
7.48438 7.5 0.0566406 0.09375
7.54102 7.5 0.0566406 0.09375
7.48438 7.59375 0.0566406 0.09375
7.54102 7.59375 0.0566406 0.09375
7.59766 7.5 0.0566406 0.09375
7.6543 7.5 0.0566406 0.09375
7.71094 7.5 0.0566406 0.09375
7.76758 7.5 0.0566406 0.09375
7.82422 8.90625 0.0566406 0.09375
7.88086 8.90625 0.0566406 0.09375
7.9375 7.3125 0.0566406 0.09375
7.99414 7.3125 0.0566406 0.09375
7.9375 7.40625 0.0566406 0.09375
7.99414 7.40625 0.0566406 0.09375
8.05078 7.3125 0.0566406 0.09375
8.10742 7.3125 0.0566406 0.09375
8.16406 7.21875 0.0566406 0.09375
8.2207 7.21875 0.0566406 0.09375
8.27734 7.21875 0.0566406 0.09375
8.33398 7.21875 0.0566406 0.09375
8.16406 7.3125 0.0566406 0.09375
8.2207 7.3125 0.0566406 0.09375
8.61719 7.03125 0.0566406 0.09375
8.67383 7.03125 0.0566406 0.09375
8.73047 6.9375 0.0566406 0.09375
8.78711 6.9375 0.0566406 0.09375
8.73047 7.03125 0.0566406 0.09375
8.78711 7.03125 0.0566406 0.09375
8.39063 7.125 0.0566406 0.09375
8.44727 7.125 0.0566406 0.09375
8.39063 7.21875 0.0566406 0.09375
8.44727 7.21875 0.0566406 0.09375
8.50391 7.125 0.0566406 0.09375
8.56055 7.125 0.0566406 0.09375
8.61719 7.125 0.0566406 0.09375
8.67383 7.125 0.0566406 0.09375
9.18359 6.65625 0.0566406 0.09375
9.24023 6.65625 0.0566406 0.09375
9.29688 6.65625 0.0566406 0.09375
9.35352 6.65625 0.0566406 0.09375
9.41016 6.5625 0.0566406 0.09375
9.4668 6.5625 0.0566406 0.09375
9.41016 6.65625 0.0566406 0.09375
9.4668 6.65625 0.0566406 0.09375
9.52344 6.46875 0.0566406 0.09375
9.58008 6.46875 0.0566406 0.09375
9.63672 6.375 0.0566406 0.09375
9.69336 6.375 0.0566406 0.09375
9.63672 6.46875 0.0566406 0.09375
9.69336 6.46875 0.0566406 0.09375
9.52344 6.5625 0.0566406 0.09375
9.58008 6.5625 0.0566406 0.09375
8.95703 6.84375 0.0566406 0.09375
9.01367 6.84375 0.0566406 0.09375
8.84375 6.9375 0.0566406 0.09375
8.90039 6.9375 0.0566406 0.09375
8.95703 6.9375 0.0566406 0.09375
9.01367 6.9375 0.0566406 0.09375
9.07031 6.75 0.0566406 0.09375
9.12695 6.75 0.0566406 0.09375
9.07031 6.84375 0.0566406 0.09375
9.12695 6.84375 0.0566406 0.09375
9.18359 6.75 0.0566406 0.09375
9.24023 6.75 0.0566406 0.09375
9.63672 6.9375 0.0566406 0.09375
9.69336 6.9375 0.0566406 0.09375
9.63672 7.03125 0.0566406 0.09375
9.69336 7.03125 0.0566406 0.09375
9.41016 7.21875 0.0566406 0.09375
9.4668 7.21875 0.0566406 0.09375
9.29688 7.40625 0.0566406 0.09375
9.35352 7.40625 0.0566406 0.09375
9.41016 7.3125 0.0566406 0.09375
9.4668 7.3125 0.0566406 0.09375
9.41016 7.40625 0.0566406 0.09375
9.4668 7.40625 0.0566406 0.09375
9.52344 7.125 0.0566406 0.09375
9.58008 7.125 0.0566406 0.09375
9.52344 7.21875 0.0566406 0.09375
9.58008 7.21875 0.0566406 0.09375
9.63672 7.125 0.0566406 0.09375
9.69336 7.125 0.0566406 0.09375
8.61719 8.15625 0.0566406 0.09375
8.67383 8.15625 0.0566406 0.09375
8.73047 8.0625 0.0566406 0.09375
8.78711 8.0625 0.0566406 0.09375
8.73047 8.15625 0.0566406 0.09375
8.78711 8.15625 0.0566406 0.09375
8.27734 8.53125 0.0566406 0.09375
8.33398 8.53125 0.0566406 0.09375
8.05078 8.71875 0.0566406 0.09375
8.10742 8.71875 0.0566406 0.09375
7.9375 8.8125 0.0566406 0.09375
7.99414 8.8125 0.0566406 0.09375
7.9375 8.90625 0.0566406 0.09375
7.99414 8.90625 0.0566406 0.09375
8.05078 8.8125 0.0566406 0.09375
8.10742 8.8125 0.0566406 0.09375
8.16406 8.625 0.0566406 0.09375
8.2207 8.625 0.0566406 0.09375
8.16406 8.71875 0.0566406 0.09375
8.2207 8.71875 0.0566406 0.09375
8.27734 8.625 0.0566406 0.09375
8.33398 8.625 0.0566406 0.09375
8.50391 8.34375 0.0566406 0.09375
8.56055 8.34375 0.0566406 0.09375
8.39063 8.4375 0.0566406 0.09375
8.44727 8.4375 0.0566406 0.09375
8.39063 8.53125 0.0566406 0.09375
8.44727 8.53125 0.0566406 0.09375
8.50391 8.4375 0.0566406 0.09375
8.56055 8.4375 0.0566406 0.09375
8.61719 8.25 0.0566406 0.09375
8.67383 8.25 0.0566406 0.09375
8.61719 8.34375 0.0566406 0.09375
8.67383 8.34375 0.0566406 0.09375
8.95703 7.78125 0.0566406 0.09375
9.01367 7.78125 0.0566406 0.09375
9.18359 7.5 0.0566406 0.09375
9.24023 7.5 0.0566406 0.09375
9.18359 7.59375 0.0566406 0.09375
9.24023 7.59375 0.0566406 0.09375
9.07031 7.6875 0.0566406 0.09375
9.12695 7.6875 0.0566406 0.09375
9.07031 7.78125 0.0566406 0.09375
9.12695 7.78125 0.0566406 0.09375
9.18359 7.6875 0.0566406 0.09375
9.24023 7.6875 0.0566406 0.09375
8.84375 7.96875 0.0566406 0.09375
8.90039 7.96875 0.0566406 0.09375
8.95703 7.875 0.0566406 0.09375
9.01367 7.875 0.0566406 0.09375
8.95703 7.96875 0.0566406 0.09375
9.01367 7.96875 0.0566406 0.09375
8.84375 8.0625 0.0566406 0.09375
8.90039 8.0625 0.0566406 0.09375
9.29688 7.5 0.0566406 0.09375
9.35352 7.5 0.0566406 0.09375
6.91797 9.65625 0.0566406 0.09375
6.97461 9.65625 0.0566406 0.09375
6.35156 10.0313 0.0566406 0.09375
6.4082 10.0313 0.0566406 0.09375
6.46484 10.0313 0.0566406 0.09375
6.52148 10.0313 0.0566406 0.09375
6.125 10.2188 0.0566406 0.09375
6.18164 10.2188 0.0566406 0.09375
6.23828 10.125 0.0566406 0.09375
6.29492 10.125 0.0566406 0.09375
6.23828 10.2188 0.0566406 0.09375
6.29492 10.2188 0.0566406 0.09375
6.125 10.3125 0.0566406 0.09375
6.18164 10.3125 0.0566406 0.09375
6.35156 10.125 0.0566406 0.09375
6.4082 10.125 0.0566406 0.09375
6.69141 9.84375 0.0566406 0.09375
6.74805 9.84375 0.0566406 0.09375
6.57813 9.9375 0.0566406 0.09375
6.63477 9.9375 0.0566406 0.09375
6.57813 10.0313 0.0566406 0.09375
6.63477 10.0313 0.0566406 0.09375
6.69141 9.9375 0.0566406 0.09375
6.74805 9.9375 0.0566406 0.09375
6.80469 9.75 0.0566406 0.09375
6.86133 9.75 0.0566406 0.09375
6.80469 9.84375 0.0566406 0.09375
6.86133 9.84375 0.0566406 0.09375
6.91797 9.75 0.0566406 0.09375
6.97461 9.75 0.0566406 0.09375
7.14453 9.46875 0.0566406 0.09375
7.20117 9.46875 0.0566406 0.09375
7.03125 9.5625 0.0566406 0.09375
7.08789 9.5625 0.0566406 0.09375
7.03125 9.65625 0.0566406 0.09375
7.08789 9.65625 0.0566406 0.09375
7.14453 9.5625 0.0566406 0.09375
7.20117 9.5625 0.0566406 0.09375
7.25781 9.46875 0.0566406 0.09375
7.31445 9.46875 0.0566406 0.09375
7.37109 9.375 0.0566406 0.09375
7.42773 9.375 0.0566406 0.09375
7.37109 9.46875 0.0566406 0.09375
7.42773 9.46875 0.0566406 0.09375
7.48438 9.28125 0.0566406 0.09375
7.54102 9.28125 0.0566406 0.09375
7.59766 9.1875 0.0566406 0.09375
7.6543 9.1875 0.0566406 0.09375
7.59766 9.28125 0.0566406 0.09375
7.6543 9.28125 0.0566406 0.09375
7.71094 9.09375 0.0566406 0.09375
7.76758 9.09375 0.0566406 0.09375
7.82422 9 0.0566406 0.09375
7.88086 9 0.0566406 0.09375
7.82422 9.09375 0.0566406 0.09375
7.88086 9.09375 0.0566406 0.09375
7.71094 9.1875 0.0566406 0.09375
7.76758 9.1875 0.0566406 0.09375
7.48438 9.375 0.0566406 0.09375
7.54102 9.375 0.0566406 0.09375
10.2031 5.90625 0.0566406 0.09375
10.2598 5.90625 0.0566406 0.09375
10.3164 5.8125 0.0566406 0.09375
10.373 5.8125 0.0566406 0.09375
10.3164 5.90625 0.0566406 0.09375
10.373 5.90625 0.0566406 0.09375
10.4297 5.71875 0.0566406 0.09375
10.4863 5.71875 0.0566406 0.09375
10.543 5.625 0.0566406 0.09375
10.5996 5.625 0.0566406 0.09375
10.543 5.71875 0.0566406 0.09375
10.5996 5.71875 0.0566406 0.09375
10.4297 5.8125 0.0566406 0.09375
10.4863 5.8125 0.0566406 0.09375
10.4297 5.90625 0.0566406 0.09375
10.4863 5.90625 0.0566406 0.09375
9.75 6.28125 0.0566406 0.09375
9.80664 6.28125 0.0566406 0.09375
9.86328 6.1875 0.0566406 0.09375
9.91992 6.1875 0.0566406 0.09375
9.86328 6.28125 0.0566406 0.09375
9.91992 6.28125 0.0566406 0.09375
9.97656 6.09375 0.0566406 0.09375
10.0332 6.09375 0.0566406 0.09375
10.0898 6 0.0566406 0.09375
10.1465 6 0.0566406 0.09375
10.0898 6.09375 0.0566406 0.09375
10.1465 6.09375 0.0566406 0.09375
9.97656 6.1875 0.0566406 0.09375
10.0332 6.1875 0.0566406 0.09375
10.0898 6.28125 0.0566406 0.09375
10.1465 6.28125 0.0566406 0.09375
9.75 6.375 0.0566406 0.09375
9.80664 6.375 0.0566406 0.09375
9.86328 6.65625 0.0566406 0.09375
9.91992 6.65625 0.0566406 0.09375
9.97656 6.46875 0.0566406 0.09375
10.0332 6.46875 0.0566406 0.09375
10.0898 6.375 0.0566406 0.09375
10.1465 6.375 0.0566406 0.09375
10.0898 6.46875 0.0566406 0.09375
10.1465 6.46875 0.0566406 0.09375
9.97656 6.5625 0.0566406 0.09375
10.0332 6.5625 0.0566406 0.09375
9.97656 6.65625 0.0566406 0.09375
10.0332 6.65625 0.0566406 0.09375
10.2031 6 0.0566406 0.09375
10.2598 6 0.0566406 0.09375
10.2031 6.09375 0.0566406 0.09375
10.2598 6.09375 0.0566406 0.09375
10.3164 6 0.0566406 0.09375
10.373 6 0.0566406 0.09375
10.3164 6.09375 0.0566406 0.09375
10.373 6.09375 0.0566406 0.09375
10.2031 6.1875 0.0566406 0.09375
10.2598 6.1875 0.0566406 0.09375
10.2031 6.28125 0.0566406 0.09375
10.2598 6.28125 0.0566406 0.09375
9.75 6.75 0.0566406 0.09375
9.80664 6.75 0.0566406 0.09375
9.75 6.84375 0.0566406 0.09375
9.80664 6.84375 0.0566406 0.09375
9.86328 6.75 0.0566406 0.09375
9.91992 6.75 0.0566406 0.09375
9.75 6.9375 0.0566406 0.09375
9.80664 6.9375 0.0566406 0.09375
