-4.75 0 7.25 6
2.5 0 7.25 6
-12 0 3.625 6
-12 6 3.625 6
13.375 0 3.625 6
13.375 6 3.625 6
-8.375 9 3.625 3
9.75 9 3.625 3
-6.5625 0 1.8125 3
-8.375 6 1.8125 3
-4.75 9 1.8125 3
7.9375 9 1.8125 3
9.75 0 1.8125 3
11.5625 6 1.8125 3
-8.375 4.5 1.8125 1.5
-6.5625 3 1.8125 1.5
-6.5625 7.5 1.8125 1.5
-2.9375 10.5 1.8125 1.5
-1.125 6 1.8125 1.5
0.6875 6 1.8125 1.5
2.5 6 1.8125 1.5
4.3125 6 1.8125 1.5
6.125 10.5 1.8125 1.5
9.75 3 1.8125 1.5
11.5625 4.5 1.8125 1.5
9.75 7.5 1.8125 1.5
-8.375 0 0.90625 1.5
-7.46875 0 0.90625 1.5
-8.375 1.5 0.90625 1.5
-8.375 3 0.90625 1.5
-6.5625 6 0.90625 1.5
-2.03125 6 0.90625 1.5
6.125 6 0.90625 1.5
11.5625 0 0.90625 1.5
12.4688 0 0.90625 1.5
12.4688 1.5 0.90625 1.5
12.4688 3 0.90625 1.5
10.6563 6 0.90625 1.5
-7.46875 1.5 0.90625 0.75
-7.46875 3.75 0.90625 0.75
-5.65625 4.5 0.90625 0.75
-3.84375 6 0.90625 0.75
-4.75 8.25 0.90625 0.75
-2.9375 6 0.90625 0.75
-2.9375 9.75 0.90625 0.75
-1.125 11.25 0.90625 0.75
-0.21875 11.25 0.90625 0.75
4.3125 11.25 0.90625 0.75
5.21875 11.25 0.90625 0.75
7.03125 6 0.90625 0.75
7.9375 6 0.90625 0.75
8.84375 8.25 0.90625 0.75
7.03125 9.75 0.90625 0.75
11.5625 1.5 0.90625 0.75
9.75 4.5 0.90625 0.75
11.5625 3.75 0.90625 0.75
-7.46875 2.25 0.453125 0.75
-7.01563 2.25 0.453125 0.75
-7.46875 3 0.453125 0.75
-7.01563 3 0.453125 0.75
-6.5625 5.25 0.453125 0.75
-5.20313 5.25 0.453125 0.75
-5.65625 6.75 0.453125 0.75
-2.48438 6.75 0.453125 0.75
7.03125 6.75 0.453125 0.75
11.5625 2.25 0.453125 0.75
12.0156 2.25 0.453125 0.75
9.75 5.25 0.453125 0.75
11.1094 5.25 0.453125 0.75
11.5625 3 0.453125 0.75
12.0156 3 0.453125 0.75
10.2031 6.75 0.453125 0.75
-6.5625 4.875 0.453125 0.375
-6.10938 4.5 0.453125 0.375
-6.10938 5.625 0.453125 0.375
-5.65625 5.25 0.453125 0.375
-5.65625 6.375 0.453125 0.375
-5.20313 7.125 0.453125 0.375
-4.75 6 0.453125 0.375
-4.29688 6 0.453125 0.375
-3.39063 6.75 0.453125 0.375
-4.75 7.875 0.453125 0.375
-3.84375 8.625 0.453125 0.375
-2.9375 6.75 0.453125 0.375
-2.03125 10.125 0.453125 0.375
-1.125 7.5 0.453125 0.375
-0.671875 7.5 0.453125 0.375
-0.21875 7.5 0.453125 0.375
0.234375 7.5 0.453125 0.375
0.6875 7.5 0.453125 0.375
-1.125 10.875 0.453125 0.375
-0.671875 10.875 0.453125 0.375
0.6875 11.625 0.453125 0.375
1.14063 11.625 0.453125 0.375
3.85938 7.5 0.453125 0.375
4.3125 7.5 0.453125 0.375
4.76563 7.5 0.453125 0.375
5.21875 7.5 0.453125 0.375
5.67188 7.5 0.453125 0.375
3.40625 11.625 0.453125 0.375
3.85938 11.625 0.453125 0.375
5.21875 10.875 0.453125 0.375
5.67188 10.875 0.453125 0.375
7.48438 6.75 0.453125 0.375
7.9375 6.75 0.453125 0.375
8.84375 6 0.453125 0.375
9.29688 6 0.453125 0.375
8.39063 8.625 0.453125 0.375
9.29688 7.875 0.453125 0.375
6.57813 10.125 0.453125 0.375
10.2031 5.25 0.453125 0.375
10.6563 4.5 0.453125 0.375
11.1094 4.875 0.453125 0.375
10.6563 5.625 0.453125 0.375
10.2031 6.375 0.453125 0.375
9.75 7.125 0.453125 0.375
-6.5625 4.5 0.226563 0.375
-6.33594 4.5 0.226563 0.375
-5.88281 4.875 0.226563 0.375
-6.10938 5.25 0.226563 0.375
-5.65625 6 0.226563 0.375
-5.20313 6.75 0.226563 0.375
-4.07031 6.375 0.226563 0.375
-3.61719 6.75 0.226563 0.375
-4.75 7.5 0.226563 0.375
-4.29688 7.875 0.226563 0.375
-2.71094 7.125 0.226563 0.375
-1.35156 7.5 0.226563 0.375
-2.9375 9.375 0.226563 0.375
1.14063 7.5 0.226563 0.375
-1.125 10.5 0.226563 0.375
1.59375 11.625 0.226563 0.375
3.63281 7.5 0.226563 0.375
3.17969 11.625 0.226563 0.375
5.89844 10.5 0.226563 0.375
7.48438 7.125 0.226563 0.375
6.125 7.5 0.226563 0.375
8.39063 6.75 0.226563 0.375
8.84375 6.375 0.226563 0.375
9.07031 7.875 0.226563 0.375
9.52344 7.5 0.226563 0.375
7.71094 9.375 0.226563 0.375
10.6563 4.875 0.226563 0.375
11.1094 4.5 0.226563 0.375
11.3359 4.5 0.226563 0.375
10.8828 5.25 0.226563 0.375
10.4297 6 0.226563 0.375
9.97656 6.75 0.226563 0.375
-6.10938 4.875 0.226563 0.1875
-6.10938 5.0625 0.226563 0.1875
-5.42969 5.625 0.226563 0.1875
-4.97656 6 0.226563 0.1875
-4.52344 6.375 0.226563 0.1875
-4.29688 6.375 0.226563 0.1875
-4.75 7.3125 0.226563 0.1875
-3.84375 6.75 0.226563 0.1875
-3.16406 7.125 0.226563 0.1875
-4.52344 7.6875 0.226563 0.1875
-3.84375 8.4375 0.226563 0.1875
-3.39063 8.8125 0.226563 0.1875
-2.9375 7.125 0.226563 0.1875
-2.03125 7.5 0.226563 0.1875
-1.80469 7.5 0.226563 0.1875
-1.57813 7.5 0.226563 0.1875
-2.71094 9.5625 0.226563 0.1875
-2.48438 9.5625 0.226563 0.1875
-2.03125 9.9375 0.226563 0.1875
-1.57813 10.3125 0.226563 0.1875
1.36719 7.5 0.226563 0.1875
1.59375 7.5 0.226563 0.1875
1.82031 7.5 0.226563 0.1875
-0.898438 10.6875 0.226563 0.1875
-0.21875 11.0625 0.226563 0.1875
0.0078125 11.0625 0.226563 0.1875
0.6875 11.4375 0.226563 0.1875
0.914063 11.4375 0.226563 0.1875
1.14063 11.4375 0.226563 0.1875
1.82031 11.8125 0.226563 0.1875
2.04688 11.8125 0.226563 0.1875
2.27344 11.8125 0.226563 0.1875
2.95313 7.5 0.226563 0.1875
3.17969 7.5 0.226563 0.1875
3.40625 7.5 0.226563 0.1875
2.5 11.8125 0.226563 0.1875
2.72656 11.8125 0.226563 0.1875
2.95313 11.8125 0.226563 0.1875
3.63281 11.4375 0.226563 0.1875
3.85938 11.4375 0.226563 0.1875
4.08594 11.4375 0.226563 0.1875
4.76563 11.0625 0.226563 0.1875
4.99219 11.0625 0.226563 0.1875
5.67188 10.6875 0.226563 0.1875
7.71094 7.125 0.226563 0.1875
6.35156 7.5 0.226563 0.1875
6.57813 7.5 0.226563 0.1875
6.80469 7.5 0.226563 0.1875
7.9375 7.125 0.226563 0.1875
8.61719 6.75 0.226563 0.1875
9.07031 6.375 0.226563 0.1875
9.29688 6.375 0.226563 0.1875
9.52344 7.3125 0.226563 0.1875
8.16406 8.8125 0.226563 0.1875
8.61719 8.4375 0.226563 0.1875
9.29688 7.6875 0.226563 0.1875
6.35156 10.3125 0.226563 0.1875
6.80469 9.9375 0.226563 0.1875
7.25781 9.5625 0.226563 0.1875
7.48438 9.5625 0.226563 0.1875
10.2031 5.625 0.226563 0.1875
10.8828 4.875 0.226563 0.1875
10.8828 5.0625 0.226563 0.1875
9.75 6 0.226563 0.1875
-5.76953 5.25 0.113281 0.1875
-5.88281 5.4375 0.113281 0.1875
-5.65625 5.8125 0.113281 0.1875
-5.42969 6.1875 0.113281 0.1875
-5.20313 6.5625 0.113281 0.1875
-4.97656 6.9375 0.113281 0.1875
-4.18359 6.5625 0.113281 0.1875
-3.95703 6.75 0.113281 0.1875
-4.52344 7.5 0.113281 0.1875
-4.07031 8.0625 0.113281 0.1875
-3.84375 8.25 0.113281 0.1875
-2.14453 7.5 0.113281 0.1875
-2.9375 9.1875 0.113281 0.1875
-2.71094 9.375 0.113281 0.1875
-1.57813 10.125 0.113281 0.1875
-1.35156 10.3125 0.113281 0.1875
2.04688 7.5 0.113281 0.1875
-0.671875 10.6875 0.113281 0.1875
-0.21875 10.875 0.113281 0.1875
0.234375 11.0625 0.113281 0.1875
0.6875 11.25 0.113281 0.1875
1.82031 11.625 0.113281 0.1875
2.83984 7.5 0.113281 0.1875
3.06641 11.625 0.113281 0.1875
4.19922 11.25 0.113281 0.1875
4.65234 11.0625 0.113281 0.1875
5.10547 10.875 0.113281 0.1875
5.55859 10.6875 0.113281 0.1875
7.03125 7.5 0.113281 0.1875
9.07031 6.5625 0.113281 0.1875
8.84375 6.75 0.113281 0.1875
8.73047 8.25 0.113281 0.1875
8.95703 8.0625 0.113281 0.1875
9.41016 7.5 0.113281 0.1875
6.23828 10.3125 0.113281 0.1875
6.46484 10.125 0.113281 0.1875
7.82422 9.1875 0.113281 0.1875
7.59766 9.375 0.113281 0.1875
10.543 5.8125 0.113281 0.1875
10.6563 5.25 0.113281 0.1875
10.7695 5.4375 0.113281 0.1875
10.0898 6.5625 0.113281 0.1875
10.3164 6.1875 0.113281 0.1875
9.86328 6.9375 0.113281 0.1875
-5.88281 5.25 0.113281 0.09375
-5.88281 5.34375 0.113281 0.09375
-5.76953 5.4375 0.113281 0.09375
-5.76953 5.53125 0.113281 0.09375
-5.54297 5.625 0.113281 0.09375
-5.31641 5.8125 0.113281 0.09375
-5.08984 6 0.113281 0.09375
-4.86328 6.1875 0.113281 0.09375
-4.97656 6.84375 0.113281 0.09375
-4.86328 7.03125 0.113281 0.09375
-4.63672 6.375 0.113281 0.09375
-4.41016 6.5625 0.113281 0.09375
-4.29688 6.5625 0.113281 0.09375
-4.75 7.21875 0.113281 0.09375
-4.07031 6.75 0.113281 0.09375
-3.73047 6.9375 0.113281 0.09375
-3.39063 7.125 0.113281 0.09375
-3.27734 7.125 0.113281 0.09375
-4.41016 7.59375 0.113281 0.09375
-4.29688 7.78125 0.113281 0.09375
-3.95703 8.15625 0.113281 0.09375
-3.61719 8.53125 0.113281 0.09375
-3.39063 8.71875 0.113281 0.09375
-3.16406 8.90625 0.113281 0.09375
-2.9375 7.3125 0.113281 0.09375
-2.82422 7.3125 0.113281 0.09375
-2.48438 7.5 0.113281 0.09375
-2.37109 7.5 0.113281 0.09375
-2.25781 7.5 0.113281 0.09375
-1.80469 7.6875 0.113281 0.09375
-1.69141 7.6875 0.113281 0.09375
-1.57813 7.6875 0.113281 0.09375
-1.46484 7.6875 0.113281 0.09375
-2.82422 9.28125 0.113281 0.09375
-2.59766 9.46875 0.113281 0.09375
-2.25781 9.65625 0.113281 0.09375
-2.03125 9.84375 0.113281 0.09375
-1.80469 10.0313 0.113281 0.09375
-1.46484 10.2188 0.113281 0.09375
-1.23828 10.4063 0.113281 0.09375
-0.671875 7.875 0.113281 0.09375
-0.558594 7.875 0.113281 0.09375
-0.445313 7.875 0.113281 0.09375
-0.332031 7.875 0.113281 0.09375
-0.21875 7.875 0.113281 0.09375
-0.105469 7.875 0.113281 0.09375
0.0078125 7.875 0.113281 0.09375
0.121094 7.875 0.113281 0.09375
0.234375 7.875 0.113281 0.09375
0.347656 7.875 0.113281 0.09375
0.460938 7.875 0.113281 0.09375
0.574219 7.875 0.113281 0.09375
1.36719 7.6875 0.113281 0.09375
1.48047 7.6875 0.113281 0.09375
1.59375 7.6875 0.113281 0.09375
1.70703 7.6875 0.113281 0.09375
2.16016 7.5 0.113281 0.09375
2.27344 7.5 0.113281 0.09375
2.38672 7.5 0.113281 0.09375
-1.125 10.4063 0.113281 0.09375
-0.898438 10.5938 0.113281 0.09375
-0.785156 10.5938 0.113281 0.09375
-0.558594 10.7813 0.113281 0.09375
-0.445313 10.7813 0.113281 0.09375
-0.105469 10.9688 0.113281 0.09375
0.0078125 10.9688 0.113281 0.09375
0.347656 11.1563 0.113281 0.09375
0.460938 11.1563 0.113281 0.09375
0.800781 11.3438 0.113281 0.09375
0.914063 11.3438 0.113281 0.09375
1.36719 11.5313 0.113281 0.09375
1.48047 11.5313 0.113281 0.09375
1.93359 11.7188 0.113281 0.09375
2.04688 11.7188 0.113281 0.09375
2.16016 11.7188 0.113281 0.09375
2.27344 11.7188 0.113281 0.09375
2.5 7.5 0.113281 0.09375
2.61328 7.5 0.113281 0.09375
2.72656 7.5 0.113281 0.09375
3.17969 7.6875 0.113281 0.09375
3.29297 7.6875 0.113281 0.09375
3.40625 7.6875 0.113281 0.09375
3.51953 7.6875 0.113281 0.09375
4.3125 7.875 0.113281 0.09375
4.42578 7.875 0.113281 0.09375
4.53906 7.875 0.113281 0.09375
4.65234 7.875 0.113281 0.09375
4.76563 7.875 0.113281 0.09375
4.87891 7.875 0.113281 0.09375
4.99219 7.875 0.113281 0.09375
5.10547 7.875 0.113281 0.09375
5.21875 7.875 0.113281 0.09375
5.33203 7.875 0.113281 0.09375
5.44531 7.875 0.113281 0.09375
5.55859 7.875 0.113281 0.09375
2.61328 11.7188 0.113281 0.09375
2.72656 11.7188 0.113281 0.09375
2.83984 11.7188 0.113281 0.09375
2.95313 11.7188 0.113281 0.09375
3.40625 11.5313 0.113281 0.09375
3.51953 11.5313 0.113281 0.09375
3.97266 11.3438 0.113281 0.09375
4.08594 11.3438 0.113281 0.09375
6.01172 10.4063 0.113281 0.09375
4.42578 11.1563 0.113281 0.09375
4.53906 11.1563 0.113281 0.09375
4.87891 10.9688 0.113281 0.09375
4.99219 10.9688 0.113281 0.09375
5.33203 10.7813 0.113281 0.09375
5.44531 10.7813 0.113281 0.09375
5.67188 10.5938 0.113281 0.09375
5.78516 10.5938 0.113281 0.09375
7.71094 7.3125 0.113281 0.09375
7.82422 7.3125 0.113281 0.09375
6.35156 7.6875 0.113281 0.09375
6.46484 7.6875 0.113281 0.09375
6.57813 7.6875 0.113281 0.09375
6.69141 7.6875 0.113281 0.09375
7.14453 7.5 0.113281 0.09375
7.25781 7.5 0.113281 0.09375
7.37109 7.5 0.113281 0.09375
8.16406 7.125 0.113281 0.09375
8.27734 7.125 0.113281 0.09375
8.61719 6.9375 0.113281 0.09375
9.18359 6.5625 0.113281 0.09375
9.29688 6.5625 0.113281 0.09375
9.52344 6.375 0.113281 0.09375
8.95703 6.75 0.113281 0.09375
9.63672 7.21875 0.113281 0.09375
8.05078 8.90625 0.113281 0.09375
8.27734 8.71875 0.113281 0.09375
8.50391 8.53125 0.113281 0.09375
9.18359 7.78125 0.113281 0.09375
8.84375 8.15625 0.113281 0.09375
9.29688 7.59375 0.113281 0.09375
6.125 10.4063 0.113281 0.09375
6.35156 10.2188 0.113281 0.09375
6.69141 10.0313 0.113281 0.09375
6.91797 9.84375 0.113281 0.09375
7.14453 9.65625 0.113281 0.09375
7.71094 9.28125 0.113281 0.09375
7.48438 9.46875 0.113281 0.09375
10.2031 5.8125 0.113281 0.09375
10.4297 5.625 0.113281 0.09375
10.7695 5.25 0.113281 0.09375
10.7695 5.34375 0.113281 0.09375
10.6563 5.4375 0.113281 0.09375
10.6563 5.53125 0.113281 0.09375
9.75 6.1875 0.113281 0.09375
9.97656 6 0.113281 0.09375
9.86328 6.84375 0.113281 0.09375
9.75 7.03125 0.113281 0.09375
