0.6875 9 1.8125 1.5
2.5 9 1.8125 1.5
-0.21875 9 0.90625 1.5
4.3125 9 0.90625 1.5
-2.03125 8.25 0.90625 0.75
-1.125 8.25 0.90625 0.75
-0.21875 8.25 0.90625 0.75
0.6875 8.25 0.90625 0.75
1.59375 8.25 0.90625 0.75
-1.125 9 0.90625 0.75
1.59375 10.5 0.90625 0.75
2.5 8.25 0.90625 0.75
3.40625 8.25 0.90625 0.75
4.3125 8.25 0.90625 0.75
5.21875 8.25 0.90625 0.75
2.5 10.5 0.90625 0.75
5.21875 9 0.90625 0.75
6.125 8.25 0.90625 0.75
-3.39063 7.5 0.453125 0.75
-2.48438 8.25 0.453125 0.75
-1.57813 9 0.453125 0.75
-0.671875 9.75 0.453125 0.75
1.14063 10.5 0.453125 0.75
3.40625 10.5 0.453125 0.75
5.21875 9.75 0.453125 0.75
7.03125 8.25 0.453125 0.75
7.9375 7.5 0.453125 0.75
6.125 9 0.453125 0.75
-4.29688 7.125 0.453125 0.375
-3.84375 7.5 0.453125 0.375
-2.9375 7.875 0.453125 0.375
-2.48438 7.875 0.453125 0.375
-2.9375 8.25 0.453125 0.375
-2.03125 7.875 0.453125 0.375
-2.48438 9 0.453125 0.375
-2.03125 9 0.453125 0.375
1.59375 7.875 0.453125 0.375
2.04688 7.875 0.453125 0.375
-1.125 9.75 0.453125 0.375
0.234375 10.5 0.453125 0.375
0.6875 10.5 0.453125 0.375
2.04688 11.25 0.453125 0.375
2.5 7.875 0.453125 0.375
2.95313 7.875 0.453125 0.375
2.5 11.25 0.453125 0.375
3.85938 10.5 0.453125 0.375
5.67188 9.75 0.453125 0.375
4.3125 10.5 0.453125 0.375
6.57813 7.875 0.453125 0.375
7.03125 7.875 0.453125 0.375
7.48438 7.875 0.453125 0.375
7.48438 8.25 0.453125 0.375
8.84375 7.125 0.453125 0.375
8.39063 7.5 0.453125 0.375
6.57813 9 0.453125 0.375
7.03125 9 0.453125 0.375
-4.52344 6.75 0.226563 0.375
-3.61719 7.875 0.226563 0.375
-3.16406 8.25 0.226563 0.375
-2.71094 8.625 0.226563 0.375
-1.80469 9.375 0.226563 0.375
-1.35156 9.75 0.226563 0.375
0.0078125 10.5 0.226563 0.375
0.914063 10.875 0.226563 0.375
3.85938 10.875 0.226563 0.375
4.76563 10.5 0.226563 0.375
7.48438 8.625 0.226563 0.375
9.29688 6.75 0.226563 0.375
8.39063 7.875 0.226563 0.375
7.9375 8.25 0.226563 0.375
6.57813 9.375 0.226563 0.375
6.125 9.75 0.226563 0.375
-4.75 6.75 0.226563 0.1875
-4.29688 6.9375 0.226563 0.1875
-3.84375 7.3125 0.226563 0.1875
-3.61719 7.3125 0.226563 0.1875
-4.07031 7.5 0.226563 0.1875
-3.84375 7.875 0.226563 0.1875
-3.39063 8.25 0.226563 0.1875
-2.9375 7.6875 0.226563 0.1875
-2.71094 7.6875 0.226563 0.1875
-2.48438 7.6875 0.226563 0.1875
-2.9375 8.625 0.226563 0.1875
-1.57813 8.0625 0.226563 0.1875
-1.35156 8.0625 0.226563 0.1875
-2.71094 9 0.226563 0.1875
-2.03125 9.375 0.226563 0.1875
-1.57813 9.75 0.226563 0.1875
-1.125 8.0625 0.226563 0.1875
-0.898438 8.0625 0.226563 0.1875
-0.671875 8.0625 0.226563 0.1875
-0.445313 8.0625 0.226563 0.1875
-0.21875 8.0625 0.226563 0.1875
0.0078125 8.0625 0.226563 0.1875
0.234375 8.0625 0.226563 0.1875
0.460938 8.0625 0.226563 0.1875
0.6875 8.0625 0.226563 0.1875
0.914063 8.0625 0.226563 0.1875
1.14063 8.0625 0.226563 0.1875
1.36719 8.0625 0.226563 0.1875
2.27344 7.6875 0.226563 0.1875
-1.125 10.125 0.226563 0.1875
-0.898438 10.125 0.226563 0.1875
-0.445313 10.5 0.226563 0.1875
-0.21875 10.5 0.226563 0.1875
0.460938 10.875 0.226563 0.1875
0.6875 10.875 0.226563 0.1875
1.59375 11.25 0.226563 0.1875
1.82031 11.25 0.226563 0.1875
2.5 7.6875 0.226563 0.1875
3.40625 8.0625 0.226563 0.1875
3.63281 8.0625 0.226563 0.1875
3.85938 8.0625 0.226563 0.1875
4.08594 8.0625 0.226563 0.1875
4.3125 8.0625 0.226563 0.1875
4.53906 8.0625 0.226563 0.1875
4.76563 8.0625 0.226563 0.1875
4.99219 8.0625 0.226563 0.1875
5.21875 8.0625 0.226563 0.1875
5.44531 8.0625 0.226563 0.1875
5.67188 8.0625 0.226563 0.1875
5.89844 8.0625 0.226563 0.1875
2.95313 11.25 0.226563 0.1875
3.17969 11.25 0.226563 0.1875
4.08594 10.875 0.226563 0.1875
5.67188 10.125 0.226563 0.1875
5.89844 10.125 0.226563 0.1875
4.3125 10.875 0.226563 0.1875
4.99219 10.5 0.226563 0.1875
5.21875 10.5 0.226563 0.1875
6.125 8.0625 0.226563 0.1875
6.35156 8.0625 0.226563 0.1875
7.25781 7.6875 0.226563 0.1875
7.48438 7.6875 0.226563 0.1875
7.71094 7.6875 0.226563 0.1875
7.71094 8.625 0.226563 0.1875
8.39063 7.3125 0.226563 0.1875
8.61719 7.3125 0.226563 0.1875
9.07031 6.9375 0.226563 0.1875
9.52344 6.75 0.226563 0.1875
8.61719 7.875 0.226563 0.1875
8.16406 8.25 0.226563 0.1875
8.84375 7.5 0.226563 0.1875
6.80469 9.375 0.226563 0.1875
6.35156 9.75 0.226563 0.1875
7.48438 9 0.226563 0.1875
-4.97656 6.375 0.113281 0.1875
-4.86328 6.5625 0.113281 0.1875
-4.75 6.5625 0.113281 0.1875
-4.63672 6.9375 0.113281 0.1875
-4.41016 7.125 0.113281 0.1875
-3.84375 7.125 0.113281 0.1875
-3.39063 7.3125 0.113281 0.1875
-4.18359 7.5 0.113281 0.1875
-3.95703 7.6875 0.113281 0.1875
-3.50391 8.25 0.113281 0.1875
-3.27734 8.4375 0.113281 0.1875
-3.05078 8.625 0.113281 0.1875
-2.9375 7.5 0.113281 0.1875
-2.82422 8.8125 0.113281 0.1875
-1.57813 7.875 0.113281 0.1875
-2.14453 9.375 0.113281 0.1875
-1.91797 9.5625 0.113281 0.1875
-1.69141 9.75 0.113281 0.1875
1.48047 7.875 0.113281 0.1875
-0.785156 10.3125 0.113281 0.1875
1.48047 11.25 0.113281 0.1875
3.40625 7.875 0.113281 0.1875
3.40625 11.25 0.113281 0.1875
5.67188 10.3125 0.113281 0.1875
6.46484 7.875 0.113281 0.1875
7.82422 7.5 0.113281 0.1875
7.71094 8.8125 0.113281 0.1875
8.27734 7.3125 0.113281 0.1875
8.73047 7.125 0.113281 0.1875
9.63672 6.5625 0.113281 0.1875
9.52344 6.9375 0.113281 0.1875
9.29688 7.125 0.113281 0.1875
8.16406 8.4375 0.113281 0.1875
7.9375 8.625 0.113281 0.1875
8.39063 8.25 0.113281 0.1875
8.84375 7.6875 0.113281 0.1875
9.07031 7.5 0.113281 0.1875
6.80469 9.5625 0.113281 0.1875
6.57813 9.75 0.113281 0.1875
7.03125 9.375 0.113281 0.1875
9.86328 6.375 0.113281 0.1875
9.75 6.5625 0.113281 0.1875
-5.20313 6.1875 0.113281 0.09375
-5.08984 6.28125 0.113281 0.09375
-5.08984 6.375 0.113281 0.09375
-4.86328 6.46875 0.113281 0.09375
-4.97656 6.5625 0.113281 0.09375
-4.63672 6.65625 0.113281 0.09375
-4.52344 7.125 0.113281 0.09375
-4.41016 7.3125 0.113281 0.09375
-4.29688 6.84375 0.113281 0.09375
-4.07031 7.03125 0.113281 0.09375
-3.95703 7.03125 0.113281 0.09375
-3.73047 7.21875 0.113281 0.09375
-3.61719 7.21875 0.113281 0.09375
-3.27734 7.40625 0.113281 0.09375
-3.16406 7.40625 0.113281 0.09375
-4.07031 7.6875 0.113281 0.09375
-3.95703 7.875 0.113281 0.09375
-3.73047 8.0625 0.113281 0.09375
-3.61719 8.25 0.113281 0.09375
-3.39063 8.4375 0.113281 0.09375
-3.16406 8.625 0.113281 0.09375
-2.82422 7.59375 0.113281 0.09375
-2.71094 7.59375 0.113281 0.09375
-2.25781 7.78125 0.113281 0.09375
-2.14453 7.78125 0.113281 0.09375
-2.9375 8.8125 0.113281 0.09375
-2.03125 7.78125 0.113281 0.09375
-1.46484 7.96875 0.113281 0.09375
-1.35156 7.96875 0.113281 0.09375
-1.23828 7.96875 0.113281 0.09375
-2.82422 9 0.113281 0.09375
-2.59766 9.1875 0.113281 0.09375
-2.37109 9.375 0.113281 0.09375
-2.25781 9.375 0.113281 0.09375
-2.03125 9.5625 0.113281 0.09375
-1.80469 9.75 0.113281 0.09375
-1.57813 9.9375 0.113281 0.09375
-1.46484 9.9375 0.113281 0.09375
-1.23828 10.125 0.113281 0.09375
-1.125 7.96875 0.113281 0.09375
-1.01172 7.96875 0.113281 0.09375
-0.898438 7.96875 0.113281 0.09375
0.800781 7.96875 0.113281 0.09375
0.914063 7.96875 0.113281 0.09375
1.02734 7.96875 0.113281 0.09375
1.14063 7.96875 0.113281 0.09375
1.25391 7.96875 0.113281 0.09375
1.36719 7.96875 0.113281 0.09375
1.93359 7.78125 0.113281 0.09375
2.04688 7.78125 0.113281 0.09375
2.16016 7.78125 0.113281 0.09375
-0.898438 10.3125 0.113281 0.09375
-0.558594 10.5 0.113281 0.09375
-0.21875 10.6875 0.113281 0.09375
-0.105469 10.6875 0.113281 0.09375
0.234375 10.875 0.113281 0.09375
0.347656 10.875 0.113281 0.09375
0.6875 11.0625 0.113281 0.09375
0.800781 11.0625 0.113281 0.09375
1.14063 11.25 0.113281 0.09375
1.25391 11.25 0.113281 0.09375
1.36719 11.25 0.113281 0.09375
1.70703 11.4375 0.113281 0.09375
1.82031 11.4375 0.113281 0.09375
1.93359 11.4375 0.113281 0.09375
2.72656 7.78125 0.113281 0.09375
2.83984 7.78125 0.113281 0.09375
2.95313 7.78125 0.113281 0.09375
3.51953 7.96875 0.113281 0.09375
3.63281 7.96875 0.113281 0.09375
3.74609 7.96875 0.113281 0.09375
3.85938 7.96875 0.113281 0.09375
3.97266 7.96875 0.113281 0.09375
4.08594 7.96875 0.113281 0.09375
5.78516 7.96875 0.113281 0.09375
5.89844 7.96875 0.113281 0.09375
6.01172 7.96875 0.113281 0.09375
2.95313 11.4375 0.113281 0.09375
3.06641 11.4375 0.113281 0.09375
3.17969 11.4375 0.113281 0.09375
4.08594 11.0625 0.113281 0.09375
4.19922 11.0625 0.113281 0.09375
3.51953 11.25 0.113281 0.09375
3.63281 11.25 0.113281 0.09375
3.74609 11.25 0.113281 0.09375
5.78516 10.3125 0.113281 0.09375
4.53906 10.875 0.113281 0.09375
4.65234 10.875 0.113281 0.09375
4.99219 10.6875 0.113281 0.09375
5.10547 10.6875 0.113281 0.09375
5.44531 10.5 0.113281 0.09375
6.125 7.96875 0.113281 0.09375
6.23828 7.96875 0.113281 0.09375
6.35156 7.96875 0.113281 0.09375
6.91797 7.78125 0.113281 0.09375
7.03125 7.78125 0.113281 0.09375
7.14453 7.78125 0.113281 0.09375
7.59766 7.59375 0.113281 0.09375
7.71094 7.59375 0.113281 0.09375
7.82422 8.8125 0.113281 0.09375
8.05078 7.40625 0.113281 0.09375
8.16406 7.40625 0.113281 0.09375
8.50391 7.21875 0.113281 0.09375
8.61719 7.21875 0.113281 0.09375
9.52344 6.65625 0.113281 0.09375
8.84375 7.03125 0.113281 0.09375
8.95703 7.03125 0.113281 0.09375
9.18359 6.84375 0.113281 0.09375
9.41016 7.125 0.113281 0.09375
9.29688 7.3125 0.113281 0.09375
8.61719 8.0625 0.113281 0.09375
8.27734 8.4375 0.113281 0.09375
8.05078 8.625 0.113281 0.09375
8.50391 8.25 0.113281 0.09375
8.95703 7.6875 0.113281 0.09375
8.84375 7.875 0.113281 0.09375
6.91797 9.5625 0.113281 0.09375
6.35156 9.9375 0.113281 0.09375
6.46484 9.9375 0.113281 0.09375
6.125 10.125 0.113281 0.09375
6.69141 9.75 0.113281 0.09375
7.14453 9.375 0.113281 0.09375
7.25781 9.375 0.113281 0.09375
7.48438 9.1875 0.113281 0.09375
7.71094 9 0.113281 0.09375
9.97656 6.28125 0.113281 0.09375
10.0898 6.1875 0.113281 0.09375
9.75 6.46875 0.113281 0.09375
9.86328 6.5625 0.113281 0.09375
9.97656 6.375 0.113281 0.09375
-5.25977 6.09375 0.0566406 0.09375
-5.14648 6.28125 0.0566406 0.09375
-5.0332 6.46875 0.0566406 0.09375
-4.91992 6.65625 0.0566406 0.09375
-4.80664 6.75 0.0566406 0.09375
-4.63672 6.5625 0.0566406 0.09375
-4.52344 6.65625 0.0566406 0.09375
-4.69336 6.9375 0.0566406 0.09375
-4.58008 7.125 0.0566406 0.09375
-4.4668 7.21875 0.0566406 0.09375
-4.35352 7.40625 0.0566406 0.09375
-4.07031 6.9375 0.0566406 0.09375
-3.73047 7.125 0.0566406 0.09375
-4.24023 7.5 0.0566406 0.09375
-4.12695 7.6875 0.0566406 0.09375
-4.01367 7.78125 0.0566406 0.09375
-3.78711 8.0625 0.0566406 0.09375
-3.67383 8.15625 0.0566406 0.09375
-3.33398 8.53125 0.0566406 0.09375
-3.2207 8.625 0.0566406 0.09375
-3.10742 8.71875 0.0566406 0.09375
-2.99414 8.8125 0.0566406 0.09375
-2.59766 7.59375 0.0566406 0.09375
-2.88086 8.90625 0.0566406 0.09375
-1.91797 7.78125 0.0566406 0.09375
-2.20117 9.46875 0.0566406 0.09375
-2.08789 9.5625 0.0566406 0.09375
-1.97461 9.65625 0.0566406 0.09375
-1.86133 9.75 0.0566406 0.09375
-1.4082 10.0313 0.0566406 0.09375
-0.785156 7.96875 0.0566406 0.09375
0.744141 7.96875 0.0566406 0.09375
1.42383 7.875 0.0566406 0.09375
1.87695 7.78125 0.0566406 0.09375
2.2168 7.6875 0.0566406 0.09375
-0.955078 10.3125 0.0566406 0.09375
-0.615234 10.5 0.0566406 0.09375
-0.0488281 10.7813 0.0566406 0.09375
0.177734 10.875 0.0566406 0.09375
0.404297 10.9688 0.0566406 0.09375
0.630859 11.0625 0.0566406 0.09375
0.857422 11.1563 0.0566406 0.09375
1.42383 11.3438 0.0566406 0.09375
2.44336 11.625 0.0566406 0.09375
2.72656 7.6875 0.0566406 0.09375
3.06641 7.78125 0.0566406 0.09375
3.51953 7.875 0.0566406 0.09375
4.19922 7.96875 0.0566406 0.09375
5.72852 7.96875 0.0566406 0.09375
2.5 11.625 0.0566406 0.09375
4.08594 11.1563 0.0566406 0.09375
3.51953 11.3438 0.0566406 0.09375
5.89844 10.3125 0.0566406 0.09375
4.3125 11.0625 0.0566406 0.09375
4.53906 10.9688 0.0566406 0.09375
4.99219 10.7813 0.0566406 0.09375
4.76563 10.875 0.0566406 0.09375
5.55859 10.5 0.0566406 0.09375
6.86133 7.78125 0.0566406 0.09375
7.54102 7.59375 0.0566406 0.09375
7.82422 8.90625 0.0566406 0.09375
8.67383 7.125 0.0566406 0.09375
9.4668 6.65625 0.0566406 0.09375
9.58008 6.5625 0.0566406 0.09375
9.01367 6.9375 0.0566406 0.09375
9.63672 6.9375 0.0566406 0.09375
9.41016 7.21875 0.0566406 0.09375
9.29688 7.40625 0.0566406 0.09375
9.52344 7.125 0.0566406 0.09375
8.61719 8.15625 0.0566406 0.09375
8.73047 8.0625 0.0566406 0.09375
8.27734 8.53125 0.0566406 0.09375
8.05078 8.71875 0.0566406 0.09375
7.9375 8.8125 0.0566406 0.09375
8.16406 8.625 0.0566406 0.09375
8.95703 7.78125 0.0566406 0.09375
9.18359 7.5 0.0566406 0.09375
9.07031 7.6875 0.0566406 0.09375
6.91797 9.65625 0.0566406 0.09375
6.35156 10.0313 0.0566406 0.09375
6.80469 9.75 0.0566406 0.09375
7.14453 9.46875 0.0566406 0.09375
7.03125 9.5625 0.0566406 0.09375
10.0898 6.28125 0.0566406 0.09375
9.86328 6.65625 0.0566406 0.09375
9.97656 6.46875 0.0566406 0.09375
10.2031 6.09375 0.0566406 0.09375
9.75 6.75 0.0566406 0.09375
-5.31641 6.04688 0.0566406 0.046875
-5.20313 6.14063 0.0566406 0.046875
-5.08984 6.23438 0.0566406 0.046875
-4.97656 6.32813 0.0566406 0.046875
-4.86328 6.42188 0.0566406 0.046875
-4.86328 6.75 0.0566406 0.046875
-4.80664 6.84375 0.0566406 0.046875
-4.75 6.51563 0.0566406 0.046875
-4.58008 6.60938 0.0566406 0.046875
-4.4668 6.70313 0.0566406 0.046875
-4.75 6.9375 0.0566406 0.046875
-4.52344 7.21875 0.0566406 0.046875
-4.4668 7.3125 0.0566406 0.046875
-4.29688 6.79688 0.0566406 0.046875
-4.18359 6.89063 0.0566406 0.046875
-4.12695 6.89063 0.0566406 0.046875
-4.01367 6.98438 0.0566406 0.046875
-3.84375 7.07813 0.0566406 0.046875
-3.78711 7.07813 0.0566406 0.046875
-3.67383 7.17188 0.0566406 0.046875
-3.61719 7.17188 0.0566406 0.046875
-3.50391 7.26563 0.0566406 0.046875
-3.44727 7.26563 0.0566406 0.046875
-3.27734 7.35938 0.0566406 0.046875
-3.2207 7.35938 0.0566406 0.046875
-3.05078 7.45313 0.0566406 0.046875
-2.99414 7.45313 0.0566406 0.046875
-4.29688 7.5 0.0566406 0.046875
-4.24023 7.59375 0.0566406 0.046875
-4.07031 7.78125 0.0566406 0.046875
-3.90039 7.96875 0.0566406 0.046875
-3.84375 8.0625 0.0566406 0.046875
-3.73047 8.15625 0.0566406 0.046875
-3.56055 8.34375 0.0566406 0.046875
-3.44727 8.4375 0.0566406 0.046875
-3.39063 8.53125 0.0566406 0.046875
-3.27734 8.625 0.0566406 0.046875
-3.16406 8.71875 0.0566406 0.046875
-3.05078 8.8125 0.0566406 0.046875
-2.82422 7.54688 0.0566406 0.046875
-2.76758 7.54688 0.0566406 0.046875
-2.71094 7.54688 0.0566406 0.046875
-2.54102 7.64063 0.0566406 0.046875
-2.48438 7.64063 0.0566406 0.046875
-2.42773 7.64063 0.0566406 0.046875
-2.25781 7.73438 0.0566406 0.046875
-2.20117 7.73438 0.0566406 0.046875
-2.14453 7.73438 0.0566406 0.046875
-2.9375 8.90625 0.0566406 0.046875
-1.86133 7.82813 0.0566406 0.046875
-1.80469 7.82813 0.0566406 0.046875
-1.74805 7.82813 0.0566406 0.046875
-1.46484 7.92188 0.0566406 0.046875
-1.4082 7.92188 0.0566406 0.046875
-1.35156 7.92188 0.0566406 0.046875
-1.29492 7.92188 0.0566406 0.046875
-1.23828 7.92188 0.0566406 0.046875
-1.18164 7.92188 0.0566406 0.046875
-2.88086 9 0.0566406 0.046875
-2.76758 9.09375 0.0566406 0.046875
-2.6543 9.1875 0.0566406 0.046875
-2.54102 9.28125 0.0566406 0.046875
-2.42773 9.375 0.0566406 0.046875
-2.25781 9.46875 0.0566406 0.046875
-2.14453 9.5625 0.0566406 0.046875
-2.03125 9.65625 0.0566406 0.046875
-1.91797 9.75 0.0566406 0.046875
-1.74805 9.84375 0.0566406 0.046875
-1.63477 9.9375 0.0566406 0.046875
-1.46484 10.0313 0.0566406 0.046875
-1.35156 10.125 0.0566406 0.046875
-1.29492 10.125 0.0566406 0.046875
-1.18164 10.2188 0.0566406 0.046875
-0.728516 8.01563 0.0566406 0.046875
-0.671875 8.01563 0.0566406 0.046875
-0.615234 8.01563 0.0566406 0.046875
-0.558594 8.01563 0.0566406 0.046875
-0.501953 8.01563 0.0566406 0.046875
-0.445313 8.01563 0.0566406 0.046875
-0.388672 8.01563 0.0566406 0.046875
-0.332031 8.01563 0.0566406 0.046875
-0.275391 8.01563 0.0566406 0.046875
-0.21875 8.01563 0.0566406 0.046875
-0.162109 8.01563 0.0566406 0.046875
-0.105469 8.01563 0.0566406 0.046875
-0.0488281 8.01563 0.0566406 0.046875
0.0078125 8.01563 0.0566406 0.046875
0.0644531 8.01563 0.0566406 0.046875
0.121094 8.01563 0.0566406 0.046875
0.177734 8.01563 0.0566406 0.046875
0.234375 8.01563 0.0566406 0.046875
0.291016 8.01563 0.0566406 0.046875
0.347656 8.01563 0.0566406 0.046875
0.404297 8.01563 0.0566406 0.046875
0.460938 8.01563 0.0566406 0.046875
0.517578 8.01563 0.0566406 0.046875
0.574219 8.01563 0.0566406 0.046875
0.630859 8.01563 0.0566406 0.046875
0.6875 8.01563 0.0566406 0.046875
1.14063 7.92188 0.0566406 0.046875
1.19727 7.92188 0.0566406 0.046875
1.25391 7.92188 0.0566406 0.046875
1.31055 7.92188 0.0566406 0.046875
1.36719 7.92188 0.0566406 0.046875
1.65039 7.82813 0.0566406 0.046875
1.70703 7.82813 0.0566406 0.046875
1.76367 7.82813 0.0566406 0.046875
1.82031 7.82813 0.0566406 0.046875
2.04688 7.73438 0.0566406 0.046875
2.10352 7.73438 0.0566406 0.046875
2.16016 7.73438 0.0566406 0.046875
2.38672 7.64063 0.0566406 0.046875
2.44336 7.64063 0.0566406 0.046875
-1.01172 10.3125 0.0566406 0.046875
-0.841797 10.4063 0.0566406 0.046875
-0.671875 10.5 0.0566406 0.046875
-0.501953 10.5938 0.0566406 0.046875
-0.332031 10.6875 0.0566406 0.046875
-0.275391 10.6875 0.0566406 0.046875
-0.162109 10.7813 0.0566406 0.046875
-0.105469 10.7813 0.0566406 0.046875
0.0644531 10.875 0.0566406 0.046875
0.121094 10.875 0.0566406 0.046875
0.291016 10.9688 0.0566406 0.046875
0.347656 10.9688 0.0566406 0.046875
0.517578 11.0625 0.0566406 0.046875
0.574219 11.0625 0.0566406 0.046875
0.744141 11.1563 0.0566406 0.046875
0.800781 11.1563 0.0566406 0.046875
0.970703 11.25 0.0566406 0.046875
1.02734 11.25 0.0566406 0.046875
1.08398 11.25 0.0566406 0.046875
1.25391 11.3438 0.0566406 0.046875
1.31055 11.3438 0.0566406 0.046875
1.36719 11.3438 0.0566406 0.046875
1.53711 11.4375 0.0566406 0.046875
1.59375 11.4375 0.0566406 0.046875
1.65039 11.4375 0.0566406 0.046875
1.87695 11.5313 0.0566406 0.046875
1.93359 11.5313 0.0566406 0.046875
1.99023 11.5313 0.0566406 0.046875
2.2168 11.625 0.0566406 0.046875
2.27344 11.625 0.0566406 0.046875
2.33008 11.625 0.0566406 0.046875
2.38672 11.625 0.0566406 0.046875
2.5 7.64063 0.0566406 0.046875
2.55664 7.64063 0.0566406 0.046875
2.7832 7.73438 0.0566406 0.046875
2.83984 7.73438 0.0566406 0.046875
2.89648 7.73438 0.0566406 0.046875
3.12305 7.82813 0.0566406 0.046875
3.17969 7.82813 0.0566406 0.046875
3.23633 7.82813 0.0566406 0.046875
3.29297 7.82813 0.0566406 0.046875
3.57617 7.92188 0.0566406 0.046875
3.63281 7.92188 0.0566406 0.046875
3.68945 7.92188 0.0566406 0.046875
3.74609 7.92188 0.0566406 0.046875
3.80273 7.92188 0.0566406 0.046875
4.25586 8.01563 0.0566406 0.046875
4.3125 8.01563 0.0566406 0.046875
4.36914 8.01563 0.0566406 0.046875
4.42578 8.01563 0.0566406 0.046875
4.48242 8.01563 0.0566406 0.046875
4.53906 8.01563 0.0566406 0.046875
4.5957 8.01563 0.0566406 0.046875
4.65234 8.01563 0.0566406 0.046875
4.70898 8.01563 0.0566406 0.046875
4.76563 8.01563 0.0566406 0.046875
4.82227 8.01563 0.0566406 0.046875
4.87891 8.01563 0.0566406 0.046875
4.93555 8.01563 0.0566406 0.046875
4.99219 8.01563 0.0566406 0.046875
5.04883 8.01563 0.0566406 0.046875
5.10547 8.01563 0.0566406 0.046875
5.16211 8.01563 0.0566406 0.046875
5.21875 8.01563 0.0566406 0.046875
5.27539 8.01563 0.0566406 0.046875
5.33203 8.01563 0.0566406 0.046875
5.38867 8.01563 0.0566406 0.046875
5.44531 8.01563 0.0566406 0.046875
5.50195 8.01563 0.0566406 0.046875
5.55859 8.01563 0.0566406 0.046875
5.61523 8.01563 0.0566406 0.046875
5.67188 8.01563 0.0566406 0.046875
2.55664 11.625 0.0566406 0.046875
2.61328 11.625 0.0566406 0.046875
2.66992 11.625 0.0566406 0.046875
2.72656 11.625 0.0566406 0.046875
2.95313 11.5313 0.0566406 0.046875
3.00977 11.5313 0.0566406 0.046875
3.06641 11.5313 0.0566406 0.046875
3.29297 11.4375 0.0566406 0.046875
3.34961 11.4375 0.0566406 0.046875
4.14258 11.1563 0.0566406 0.046875
4.19922 11.1563 0.0566406 0.046875
3.57617 11.3438 0.0566406 0.046875
3.40625 11.4375 0.0566406 0.046875
3.63281 11.3438 0.0566406 0.046875
3.68945 11.3438 0.0566406 0.046875
3.85938 11.25 0.0566406 0.046875
3.91602 11.25 0.0566406 0.046875
3.97266 11.25 0.0566406 0.046875
5.78516 10.4063 0.0566406 0.046875
5.95508 10.3125 0.0566406 0.046875
4.36914 11.0625 0.0566406 0.046875
4.42578 11.0625 0.0566406 0.046875
4.5957 10.9688 0.0566406 0.046875
4.65234 10.9688 0.0566406 0.046875
5.04883 10.7813 0.0566406 0.046875
5.10547 10.7813 0.0566406 0.046875
4.82227 10.875 0.0566406 0.046875
4.87891 10.875 0.0566406 0.046875
5.21875 10.6875 0.0566406 0.046875
5.27539 10.6875 0.0566406 0.046875
5.44531 10.5938 0.0566406 0.046875
5.61523 10.5 0.0566406 0.046875
6.125 7.92188 0.0566406 0.046875
6.18164 7.92188 0.0566406 0.046875
6.23828 7.92188 0.0566406 0.046875
6.29492 7.92188 0.0566406 0.046875
6.35156 7.92188 0.0566406 0.046875
6.4082 7.92188 0.0566406 0.046875
6.69141 7.82813 0.0566406 0.046875
6.74805 7.82813 0.0566406 0.046875
6.80469 7.82813 0.0566406 0.046875
7.08789 7.73438 0.0566406 0.046875
7.14453 7.73438 0.0566406 0.046875
7.20117 7.73438 0.0566406 0.046875
7.37109 7.64063 0.0566406 0.046875
7.42773 7.64063 0.0566406 0.046875
7.48438 7.64063 0.0566406 0.046875
7.6543 7.54688 0.0566406 0.046875
7.71094 7.54688 0.0566406 0.046875
7.76758 7.54688 0.0566406 0.046875
7.88086 8.90625 0.0566406 0.046875
7.9375 7.45313 0.0566406 0.046875
7.99414 7.45313 0.0566406 0.046875
8.16406 7.35938 0.0566406 0.046875
8.2207 7.35938 0.0566406 0.046875
8.73047 7.07813 0.0566406 0.046875
8.78711 7.07813 0.0566406 0.046875
8.39063 7.26563 0.0566406 0.046875
8.44727 7.26563 0.0566406 0.046875
8.56055 7.17188 0.0566406 0.046875
8.61719 7.17188 0.0566406 0.046875
9.41016 6.70313 0.0566406 0.046875
9.69336 6.51563 0.0566406 0.046875
9.52344 6.60938 0.0566406 0.046875
8.95703 6.98438 0.0566406 0.046875
9.07031 6.89063 0.0566406 0.046875
9.12695 6.89063 0.0566406 0.046875
9.24023 6.79688 0.0566406 0.046875
9.69336 6.9375 0.0566406 0.046875
9.4668 7.21875 0.0566406 0.046875
9.41016 7.3125 0.0566406 0.046875
8.67383 8.15625 0.0566406 0.046875
8.78711 8.0625 0.0566406 0.046875
8.33398 8.53125 0.0566406 0.046875
8.10742 8.71875 0.0566406 0.046875
7.99414 8.8125 0.0566406 0.046875
8.2207 8.625 0.0566406 0.046875
8.50391 8.34375 0.0566406 0.046875
8.39063 8.4375 0.0566406 0.046875
9.01367 7.78125 0.0566406 0.046875
9.24023 7.5 0.0566406 0.046875
9.18359 7.59375 0.0566406 0.046875
8.84375 7.96875 0.0566406 0.046875
6.97461 9.65625 0.0566406 0.046875
6.4082 10.0313 0.0566406 0.046875
6.125 10.2188 0.0566406 0.046875
6.23828 10.125 0.0566406 0.046875
6.29492 10.125 0.0566406 0.046875
6.69141 9.84375 0.0566406 0.046875
6.57813 9.9375 0.0566406 0.046875
6.86133 9.75 0.0566406 0.046875
7.20117 9.46875 0.0566406 0.046875
7.08789 9.5625 0.0566406 0.046875
7.37109 9.375 0.0566406 0.046875
7.48438 9.28125 0.0566406 0.046875
7.59766 9.1875 0.0566406 0.046875
7.71094 9.09375 0.0566406 0.046875
7.82422 9 0.0566406 0.046875
9.91992 6.32813 0.0566406 0.046875
10.1465 6.14063 0.0566406 0.046875
10.0332 6.23438 0.0566406 0.046875
9.80664 6.42188 0.0566406 0.046875
10.2598 6.04688 0.0566406 0.046875
9.80664 6.75 0.0566406 0.046875
9.75 6.84375 0.0566406 0.046875
