0.6875 9 1.8125 1.5
2.5 9 1.8125 1.5
-0.21875 9 0.90625 1.5
4.3125 9 0.90625 1.5
-2.03125 8.25 0.90625 0.75
-1.125 8.25 0.90625 0.75
-0.21875 8.25 0.90625 0.75
0.6875 8.25 0.90625 0.75
1.59375 8.25 0.90625 0.75
-1.125 9 0.90625 0.75
1.59375 10.5 0.90625 0.75
2.5 8.25 0.90625 0.75
3.40625 8.25 0.90625 0.75
4.3125 8.25 0.90625 0.75
5.21875 8.25 0.90625 0.75
2.5 10.5 0.90625 0.75
5.21875 9 0.90625 0.75
6.125 8.25 0.90625 0.75
-3.39063 7.5 0.453125 0.75
-2.48438 8.25 0.453125 0.75
-1.57813 9 0.453125 0.75
-0.671875 9.75 0.453125 0.75
1.14063 10.5 0.453125 0.75
3.40625 10.5 0.453125 0.75
5.21875 9.75 0.453125 0.75
7.03125 8.25 0.453125 0.75
7.9375 7.5 0.453125 0.75
6.125 9 0.453125 0.75
-4.29688 7.125 0.453125 0.375
-3.84375 7.5 0.453125 0.375
-2.9375 7.875 0.453125 0.375
-2.48438 7.875 0.453125 0.375
-2.9375 8.25 0.453125 0.375
-2.03125 7.875 0.453125 0.375
-2.48438 9 0.453125 0.375
-2.03125 9 0.453125 0.375
1.59375 7.875 0.453125 0.375
2.04688 7.875 0.453125 0.375
-1.125 9.75 0.453125 0.375
0.234375 10.5 0.453125 0.375
0.6875 10.5 0.453125 0.375
2.04688 11.25 0.453125 0.375
2.5 7.875 0.453125 0.375
2.95313 7.875 0.453125 0.375
2.5 11.25 0.453125 0.375
3.85938 10.5 0.453125 0.375
5.67188 9.75 0.453125 0.375
4.3125 10.5 0.453125 0.375
6.57813 7.875 0.453125 0.375
7.03125 7.875 0.453125 0.375
7.48438 7.875 0.453125 0.375
7.48438 8.25 0.453125 0.375
8.84375 7.125 0.453125 0.375
8.39063 7.5 0.453125 0.375
6.57813 9 0.453125 0.375
7.03125 9 0.453125 0.375
